-4.337238913389999766e+02
-5.542500080360000538e+02
-5.834544365059999791e+02
-6.030646573940000508e+02
-5.866327022530000477e+02
-5.952944095679999919e+02
-5.938887150169999813e+02
-5.976892695559999993e+02
-5.955802615239999795e+02
-5.939376407419999850e+02
-5.868473966660000087e+02
-6.010177575510000452e+02
-6.051910203649999858e+02
-5.939718065580000257e+02
-5.945544006349999790e+02
-6.019516915509999535e+02
-6.058330672680000362e+02
-6.004009932720000506e+02
-6.016374740600000450e+02
-5.993639855840000337e+02
-5.983985526960000243e+02
-6.002898386939999682e+02
-6.009802997919999825e+02
-6.019927012639999475e+02
-5.954601361300000235e+02
-5.967057431470000211e+02
-6.006503287440000349e+02
-5.948958471429999690e+02
-5.967259831220000024e+02
-5.997817343630000551e+02
-5.924161578790000249e+02
-5.968867487170000459e+02
-5.901155900300000212e+02
-5.969896869200000538e+02
-5.993528516699999500e+02
-5.995039777370000138e+02
-5.996609024079999699e+02
-5.985114800620000324e+02
-5.961355983969999670e+02
-6.041967582170000242e+02
-5.927586675969999988e+02
-5.936045966689999887e+02
-5.946531720450000194e+02
-5.980397527170000558e+02
-6.033691524729999855e+02
-5.999781913709999799e+02
-6.025608708429999751e+02
-5.974212306120000449e+02
-5.979800153500000306e+02
-5.943289991090000512e+02
-5.988576419500000156e+02
-6.015068791160000501e+02
-6.018124652290000540e+02
-5.923647784280000224e+02
-6.013421803930000351e+02
-5.956712957339999548e+02
-6.046487620609999567e+02
-5.951208697050000183e+02
-6.003941253509999569e+02
-6.000619035600000188e+02
-6.012025415839999596e+02
-5.904153752619999977e+02
-5.897502941469999769e+02
-5.968419912040000099e+02
-5.875541177640000114e+02
-5.989532916780000278e+02
-5.986191788690000521e+02
-5.964183580449999909e+02
-5.974419118099999650e+02
-5.956889745099999800e+02
-5.943886063800000557e+02
-5.957324822650000442e+02
-5.982838427760000286e+02
-6.008982612510000081e+02
-5.841648360350000075e+02
-6.018456148049999683e+02
-6.000212766560000546e+02
-5.917925400079999463e+02
-5.972199020210000526e+02
-6.049645013790000121e+02
-5.935086473520000254e+02
-6.027715474049999784e+02
-5.875512101739999480e+02
-5.872938551030000554e+02
-5.859628410179999491e+02
-5.920685613250000188e+02
-5.907424496800000497e+02
-5.946194158550000566e+02
-5.937865816390000191e+02
-5.990303632029999790e+02
-5.974252193639999859e+02
-5.989832070139999587e+02
-5.897430361189999530e+02
-6.017043257020000055e+02
-5.881996353499999941e+02
-5.876609116549999499e+02
-5.992325265030000310e+02
-5.953999080300000060e+02
-5.998983170019999989e+02
-6.008440842810000504e+02
-6.040303799030000391e+02
-5.973073676689999729e+02
-6.036187009929999476e+02
-5.941365914079999584e+02
-5.971539369350000470e+02
-5.992419764129999749e+02
-6.062769727580000563e+02
-5.965312820619999457e+02
-5.960019003810000413e+02
-6.000879635689999532e+02
-6.037428418760000568e+02
-5.923120322920000262e+02
-5.906491668339999705e+02
-5.937939369120000492e+02
-5.995151884599999903e+02
-5.943930274419999478e+02
-5.891267133449999847e+02
-5.912127883939999720e+02
