0.000000000000000000e+00
1.720000000000000000e+02
3.440000000000000000e+02
5.150000000000000000e+02
6.870000000000000000e+02
8.590000000000000000e+02
1.031000000000000000e+03
1.202000000000000000e+03
1.374000000000000000e+03
1.546000000000000000e+03
1.718000000000000000e+03
1.890000000000000000e+03
2.061000000000000000e+03
2.233000000000000000e+03
2.405000000000000000e+03
2.577000000000000000e+03
2.748000000000000000e+03
2.920000000000000000e+03
3.092000000000000000e+03
3.264000000000000000e+03
3.436000000000000000e+03
3.607000000000000000e+03
3.779000000000000000e+03
3.951000000000000000e+03
4.123000000000000000e+03
4.294000000000000000e+03
4.466000000000000000e+03
4.638000000000000000e+03
4.810000000000000000e+03
4.981000000000000000e+03
5.153000000000000000e+03
5.325000000000000000e+03
5.497000000000000000e+03
5.669000000000000000e+03
