-5.995060589490000211e+02	1.640791033099999936e+02
-5.969107965639999520e+02	2.119588619360000052e+02
-5.841624515930000143e+02	7.076450951939999641e+02
-5.996783516199999440e+02	1.320645710789999896e+02
-5.921569743889999700e+02	2.451164967640000043e+02
-5.981296927439999536e+02	1.139763692559999981e+02
-6.011097494719999759e+02	2.792520130789999939e+02
-5.981605345450000186e+02	3.644901057509999873e+02
-5.952192845250000346e+02	2.569902576380000028e+02
-5.999474093979999907e+02	2.291861416410000061e+02
-6.006513342759999432e+02	2.876865619580000271e+02
-6.048468805920000477e+02	1.174293852499999957e+02
-6.023439507419999472e+02	1.156304152400000049e+02
-5.920586497909999935e+02	3.393735970359999783e+02
-6.007487151679999897e+02	2.506112909070000114e+02
-5.902683487680000098e+02	6.918282767330000524e+02
-5.960260645030000433e+02	4.788820401049999873e+02
-5.907935429520000525e+02	6.212717754719999448e+02
-6.035498553879999690e+02	1.689908736820000001e+02
-6.012821593449999682e+02	1.671025986690000025e+02
-5.894940453089999437e+02	6.138284473129999697e+02
-5.966305085230000032e+02	1.925472679849999906e+02
-5.955087291510000114e+02	2.045901408219999951e+02
-6.030154893410000341e+02	1.524401477860000114e+02
-5.965783836949999568e+02	2.500542673150000041e+02
-6.006073014849999936e+02	2.452313146969999877e+02
-6.028466415799999822e+02	1.483634994610000035e+02
-6.011499297149999848e+02	1.524770711090000077e+02
-5.977306668869999839e+02	3.989972584870000105e+02
-5.955556795879999754e+02	3.033108354010000198e+02
-5.968084147810000104e+02	3.154969017070000064e+02
-6.034446830030000228e+02	9.233058875090000583e+01
-5.956991622430000461e+02	3.377337199840000039e+02
-5.958029283150000310e+02	4.255649179559999880e+02
-6.004440779929999508e+02	8.875672647570000606e+01
-5.969159181510000280e+02	3.854630648899999983e+02
-6.025306011540000100e+02	1.316913847270000133e+02
-5.997752586169999631e+02	1.872176142369999923e+02
-5.973372023800000079e+02	3.819952474039999970e+02
-6.010154632100000072e+02	2.828385921139999937e+02
-6.028738017690000106e+02	1.886667373120000093e+02
-5.975912506820000090e+02	4.065464251779999927e+02
-5.941932466299999760e+02	5.533773120609999978e+02
-6.034107959179999625e+02	1.670206230679999919e+02
-6.003160172200000488e+02	2.453373408090000112e+02
-5.933685038910000458e+02	3.296394916319999879e+02
-6.004135054590000209e+02	2.053748972879999997e+02
-5.986945831670000189e+02	1.647168114330000037e+02
-6.026499009149999893e+02	9.105966223119999370e+01
-6.013633760640000219e+02	1.767856542380000064e+02
-6.019048931840000023e+02	9.610514432130000273e+01
-5.893721094219999941e+02	4.929152115289999756e+02
-5.917179829330000302e+02	3.776784457609999777e+02
-5.986567703700000038e+02	1.816443383410000081e+02
-5.979921861829999443e+02	7.205926859269999341e+01
-5.878866462989999491e+02	4.923134177210000075e+02
-5.825784014880000541e+02	8.692340545450000491e+02
-5.881792469109999502e+02	5.997866807760000256e+02
-5.929993920169999910e+02	3.896622959950000222e+02
-5.942569099070000220e+02	2.789425081559999740e+02
-6.017981068159999722e+02	1.907880669509999905e+02
-5.931394905199999812e+02	2.784424045320000118e+02
-5.954605188599999792e+02	2.192184801660000062e+02
-6.007699625410000408e+02	1.960456617730000062e+02
-6.003247295429999895e+02	1.440450456350000081e+02
-6.013509124639999754e+02	2.683732381240000109e+02
-5.966149040190000505e+02	2.904590791630000126e+02
-5.952279653660000349e+02	2.738230853030000276e+02
-6.015906957690000354e+02	1.092768865080000040e+02
-6.010456382500000245e+02	1.939737172910000140e+02
-6.035103274499999770e+02	1.378659381610000025e+02
-6.008759450840000227e+02	1.900996900819999951e+02
-5.956362614619999931e+02	3.369400295909999841e+02
-6.026336263199999621e+02	1.265004864149999975e+02
-5.973740161030000309e+02	3.712841893699999787e+02
-6.006399361090000184e+02	2.355505897829999924e+02
-5.948222696540000243e+02	4.779939444469999899e+02
-5.975232924340000409e+02	3.382174584339999797e+02
-5.994565849790000129e+02	3.354940999080000097e+02
-6.015115553690000070e+02	2.143058568620000131e+02
-5.994022026919999462e+02	1.018387469679999953e+02
-5.892269314669999858e+02	5.413280238700000382e+02
-5.868310955069999864e+02	5.907290697040000396e+02
-5.953694917080000550e+02	4.226692725789999940e+02
-6.009450003719999813e+02	1.646920793619999870e+02
-5.994753877130000319e+02	1.951169321710000020e+02
-5.968679214720000346e+02	2.169263298680000105e+02
-5.972111236729999746e+02	2.527285519090000037e+02
-6.023348454819999915e+02	1.681773254320000035e+02
-6.018088534940000045e+02	2.201934742150000091e+02
-5.978985101609999901e+02	2.965673728599999777e+02
-6.018704231660000232e+02	1.319153138899999931e+02
-5.885272237530000439e+02	6.412232022480000069e+02
-6.029626168759999700e+02	1.885586144620000084e+02
-5.967772028680000176e+02	4.528560102010000037e+02
-5.992609992349999857e+02	3.455024601200000234e+02
-6.039435597359999974e+02	1.475201835089999918e+02
-5.976313222700000551e+02	3.863301752489999785e+02
-5.889968928590000132e+02	2.802357303449999790e+02
-5.791469384450000462e+02	6.586402558940000063e+02
-5.838280989779999572e+02	5.321389635020000242e+02
-5.757109849539999686e+02	4.284861571550000008e+02
-5.945489263380000011e+02	2.980620908220000160e+02
-5.978330297180000343e+02	3.336147851810000020e+02
-6.009333915790000447e+02	2.112809020859999976e+02
-5.948309574730000122e+02	3.694644760040000051e+02
-5.947233637159999944e+02	2.453642996069999924e+02
-6.019207961360000354e+02	1.420879850329999954e+02
-5.914861380190000091e+02	5.564425479410000435e+02
-6.005315573100000393e+02	1.471724429129999976e+02
-5.928488734320000049e+02	4.323053955589999759e+02
-6.047974965590000238e+02	1.148824883529999994e+02
-5.955262824740000269e+02	2.817664078259999769e+02
-6.004260950630000480e+02	1.835845518470000002e+02
-5.930236162390000345e+02	3.433477462139999830e+02
-5.982327078979999442e+02	1.656844089390000079e+02
-5.896269542579999552e+02	3.194970660530000259e+02
-5.925855223659999638e+02	2.647735424780000244e+02
-5.889255231890000459e+02	7.531877770229999669e+02
-6.017057710510000561e+02	1.964512163120000139e+02
-5.958525331900000310e+02	4.247305985240000155e+02
-5.915299513469999511e+02	4.059585897719999821e+02
-6.018968809960000499e+02	1.339334985090000032e+02
-5.979674094849999619e+02	2.402999647849999860e+02
-5.968759778659999711e+02	3.630619340599999987e+02
-5.945622096570000394e+02	4.829648226830000226e+02
-6.033543353879999813e+02	1.619889578229999927e+02
-6.022076579949999768e+02	1.394206406140000070e+02
-5.954581225130000348e+02	3.353769971340000211e+02
-5.920497039619999669e+02	4.042379819299999895e+02
-5.966711532159999933e+02	2.213957145960000048e+02
-5.936081019189999779e+02	4.156046131339999761e+02
-5.965776950639999541e+02	1.765938356430000056e+02
-5.924889381589999857e+02	4.131136752259999980e+02
-5.973149018679999926e+02	2.577516222219999804e+02
-6.005577272409999523e+02	1.405434489790000043e+02
-5.953674845279999772e+02	3.609833237880000070e+02
-5.917004175079999868e+02	6.039279295750000074e+02
-6.005456516629999442e+02	1.556498112179999964e+02
-5.960740200819999473e+02	3.899098913240000002e+02
-6.014785521979999885e+02	1.770866095869999981e+02
-5.991312767489999942e+02	3.236985978499999987e+02
-6.023759120910000320e+02	2.155312156150000078e+02
-5.983985414830000309e+02	2.771622172090000049e+02
-5.927556252430000541e+02	4.762048248309999963e+02
-6.011928278799999816e+02	1.742030682740000032e+02
-5.963356738239999686e+02	2.475601039189999995e+02
-5.874342196650000005e+02	7.182176177520000238e+02
-5.972174389780000183e+02	3.134454543489999878e+02
-5.990137484589999985e+02	2.637275109909999742e+02
-6.023837232869999525e+02	9.253364469539999959e+01
-5.986887451769999871e+02	2.999004377559999739e+02
-6.024243337929999598e+02	1.908906790599999965e+02
-6.001912207950000493e+02	2.553993733940000084e+02
-6.013316948839999441e+02	2.035177192769999976e+02
-5.927837473280000040e+02	4.891169235230000254e+02
-5.897584303359999467e+02	5.017813938720000237e+02
-5.920660986389999607e+02	2.735390317920000030e+02
-5.958118623090000483e+02	2.340429728720000071e+02
-6.007887342909999688e+02	5.942607669809999749e+01
-5.909792516830000295e+02	3.927761739570000259e+02
-5.829401094869999724e+02	5.518301966450000009e+02
-5.931127839869999434e+02	3.725974883169999998e+02
-5.953787577330000431e+02	2.483782994180000117e+02
-5.863990790929999548e+02	6.506677145359999486e+02
-6.012281786859999784e+02	1.601292616880000139e+02
-5.910888153900000361e+02	3.113879445700000019e+02
-5.994059994279999728e+02	2.913495252010000058e+02
-6.011564006429999836e+02	2.123524260979999951e+02
-6.024036749240000290e+02	1.669931814630000133e+02
-5.976543210620000082e+02	3.458015896250000196e+02
-5.938584767490000331e+02	5.321604861009999468e+02
-5.990872784680000223e+02	2.856423974960000010e+02
-6.011158809580000479e+02	2.399141222080000091e+02
-5.962730624900000294e+02	4.018785294950000093e+02
-6.065416660170000114e+02	2.665404111770000029e+01
-5.881705415740000262e+02	6.141481776230000378e+02
-6.003343059170000515e+02	4.765933333680000317e+01
-6.000531499050000548e+02	2.309603181900000095e+02
-5.952093329040000071e+02	4.377319951019999849e+02
-5.960093975190000037e+02	2.988688996669999938e+02
-5.933948740399999906e+02	4.217255725210000037e+02
-5.847696764720000147e+02	6.441836148759999787e+02
-5.970365229259999751e+02	1.076605797659999979e+02
-5.950065147049999723e+02	4.261468971850000003e+02
-6.037053260740000269e+02	1.041349953720000059e+02
-5.999025098009999510e+02	2.147828337089999877e+02
-5.981202634310000121e+02	2.812420939639999915e+02
-5.935751444940000283e+02	4.590816440589999843e+02
-5.923956928889999745e+02	4.639142411299999935e+02
-6.029121165990000009e+02	1.886509419840000135e+02
-6.013766910939999661e+02	1.444235628620000114e+02
-6.017426327819999869e+02	1.813381000999999912e+02
-5.989308085110000093e+02	2.388510415190000060e+02
-5.964327724849999868e+02	1.713004053680000141e+02
-6.009940601460000380e+02	9.784708196820000126e+01
-6.032943008480000344e+02	1.415777666550000049e+02
-6.011288523949999671e+02	2.623169427860000269e+02
-6.026454907170000297e+02	1.841830923120000136e+02
-6.045206346859999940e+02	7.611603435000000673e+01
-5.999627748650000285e+02	1.591881873069999926e+02
-6.011746478459999707e+02	1.351403857379999920e+02
-6.007880817809999598e+02	1.943317716260000054e+02
-6.045882942389999926e+02	9.716926614669999651e+01
-5.998622332700000470e+02	1.402031039590000034e+02
-5.902060132000000294e+02	6.783460728369999515e+02
-5.999283575680000240e+02	2.205760773000000086e+02
-6.001243204830000195e+02	2.140652782170000137e+02
-5.892025021150000157e+02	4.789139036700000247e+02
-5.906349673290000055e+02	2.827063865810000038e+02
-5.855321156610000344e+02	4.400870222830000102e+02
-5.893075579650000009e+02	2.382780206589999921e+02
-5.990019696929999782e+02	1.849126461950000078e+02
-5.954305234900000414e+02	3.857660232520000250e+02
-5.927904214650000085e+02	3.941256811119999952e+02
-6.026527854209999759e+02	1.740245500480000089e+02
-5.977821054409999988e+02	1.445721343300000115e+02
-5.930779456730000447e+02	3.339458276550000164e+02
-6.011193473959999665e+02	1.499779264269999999e+02
-5.964415311699999620e+02	4.570985854310000036e+02
-6.017274065210000344e+02	2.182251791150000031e+02
-6.025536580619999540e+02	5.762866647700000300e+01
-6.058690065240000422e+02	3.187348905829999879e+01
-5.891704128909999554e+02	5.923317549810000173e+02
-5.982115529860000152e+02	2.137360611979999874e+02
-5.930880618459999596e+02	4.855194754300000000e+02
-5.942813823860000184e+02	4.783778570819999914e+02
-5.917344929099999717e+02	3.494963967169999819e+02
-5.966113991629999873e+02	3.499525113739999824e+02
-6.015809040179999556e+02	1.905151368530000013e+02
-6.014137208289999990e+02	1.717297393080000063e+02
-6.023606806760000154e+02	1.280737855989999900e+02
-6.031915878800000428e+02	1.215859393490000002e+02
-5.994505028290000155e+02	2.323926155979999919e+02
-5.997808009520000496e+02	1.615053868560000012e+02
-5.909027885350000133e+02	5.821644020899999532e+02
-5.989290134509999461e+02	3.279530499520000149e+02
-6.032402669949999563e+02	1.187498502960000053e+02
-6.035322633470000255e+02	1.802883138880000047e+02
-6.034275582599999552e+02	1.271653154130000019e+02
-5.957997026259999984e+02	3.828410494959999824e+02
-5.928495347350000202e+02	2.087891018640000027e+02
-6.055877862999999479e+02	8.113446557260000702e+01
-5.843252034900000353e+02	8.906338313380000500e+02
-5.848008936009999843e+02	2.745405643430000282e+02
-5.990082912039999883e+02	3.186611221059999934e+02
-6.019481524870000158e+02	2.397531767929999944e+02
-6.056686214390000487e+02	1.989137886010000145e+01
-5.980513255160000199e+02	3.055536339899999803e+02
-5.993535802520000288e+02	1.194128028979999954e+02
-6.011630191059999788e+02	1.591363963029999979e+02
-5.995044618099999525e+02	1.425786723950000123e+02
-5.918203787400000238e+02	5.378952257720000034e+02
-5.982990740599999526e+02	2.690642580640000006e+02
-5.973465166879999515e+02	1.621031943129999888e+02
-5.970206611390000262e+02	2.245232702090000032e+02
-5.948981211499999517e+02	3.272545861969999805e+02
-5.949513637750000044e+02	1.952874341510000136e+02
-5.925240949819999514e+02	3.306559986770000137e+02
-5.916475824340000145e+02	4.678388553369999840e+02
-5.932119990449999705e+02	3.779375646619999998e+02
-5.968044735350000565e+02	2.847727585060000024e+02
-5.941841444520000550e+02	2.312847294450000106e+02
-6.058831643659999600e+02	6.623927353429999698e+01
-6.023107405150000204e+02	2.164216373170000054e+02
-5.955528846519999888e+02	3.248622748450000017e+02
-5.992953472890000057e+02	1.754902716610000084e+02
-5.981900090899999896e+02	2.148645125070000006e+02
-5.939798647430000074e+02	5.049368295219999823e+02
-5.978840005619999829e+02	2.604157039770000210e+02
-5.988531776959999888e+02	2.688892076879999991e+02
-6.010343218279999746e+02	2.133165008439999895e+02
-5.975507975489999808e+02	1.511372384299999965e+02
-5.959537801589999617e+02	4.003553084260000219e+02
-6.008641057720000163e+02	2.292026045020000140e+02
-5.954091660349999984e+02	4.826241359800000055e+02
-5.873388321820000328e+02	8.146596048489999475e+02
-5.894537038480000319e+02	7.281331620759999623e+02
-5.958407440180000094e+02	4.196541434079999817e+02
-5.980812772320000477e+02	2.186567142989999866e+02
-6.016899230669999952e+02	2.524054089560000023e+02
-5.931564460759999520e+02	4.853840951789999849e+02
-6.021136555860000499e+02	1.641590805460000126e+02
-6.011528990419999445e+02	2.178613657619999913e+02
-5.952472414290000415e+02	2.600785539029999995e+02
-6.024228374489999851e+02	9.760224923570000044e+01
-5.918512817539999560e+02	4.066458055439999839e+02
-5.860555811689999928e+02	3.073234425449999776e+02
-5.979160748350000176e+02	2.996438518900000076e+02
-5.972029788139999482e+02	1.965802895200000080e+02
-6.017046565279999868e+02	9.609091937479999501e+01
-5.912392494639999541e+02	4.911424258569999779e+02
-5.952695953050000526e+02	1.569349974410000073e+02
-5.961770327860000407e+02	2.491214268139999888e+02
-5.997091481610000301e+02	2.930837016360000007e+02
-5.978005027289999589e+02	3.117702612599999838e+02
-6.017934030510000412e+02	1.306028914499999871e+02
-6.038774004389999845e+02	1.467916844640000136e+02
-5.986379761570000255e+02	3.454904063110000152e+02
-5.982176450079999768e+02	3.092325374089999741e+02
-6.015505276239999830e+02	1.793739609419999965e+02
-5.993517660239999714e+02	1.639475242839999964e+02
-5.882057631080000419e+02	6.554154435619999504e+02
-5.993970607090000158e+02	2.467021200220000026e+02
-5.984605281640000385e+02	1.623103441540000063e+02
-5.981388621910000438e+02	9.460014735570000255e+01
-5.914639017409999724e+02	5.586411890279999852e+02
-5.986121913670000367e+02	3.551838153450000277e+02
-5.995033582150000484e+02	3.111827210600000058e+02
-5.996094162800000049e+02	2.958012362449999841e+02
-5.929193949530000509e+02	5.373446713949999776e+02
-6.004687442509999755e+02	2.607879271570000128e+02
-5.971091928079999889e+02	3.994416952830000014e+02
-6.037693456109999488e+02	1.602259140890000140e+02
-5.990528210060000447e+02	3.161667930159999855e+02
-5.992666542179999851e+02	2.987805522080000173e+02
-6.044401152130000128e+02	2.742753695749999920e+01
-5.916200427449999779e+02	2.021701952049999989e+02
-5.904940058849999787e+02	4.856449824210000088e+02
-5.899026616319999903e+02	2.879093173200000138e+02
-5.884790146880000066e+02	5.020402831679999736e+02
-5.936399451839999983e+02	1.247684557430000041e+02
-5.749317791940000006e+02	5.212249667239999553e+02
-5.913486078839999891e+02	2.333867256000000054e+02
-5.982154534909999484e+02	1.608151693019999868e+02
-5.972438233599999649e+02	2.131339963650000016e+02
-5.874876276779999671e+02	4.677254109610000228e+02
-5.872933621480000284e+02	7.113190608510000175e+02
-6.038342274029999999e+02	1.161748108419999994e+02
-6.020176789920000147e+02	2.380481738679999921e+02
-6.013096423790000244e+02	2.417708202960000108e+02
-5.937940794249999499e+02	5.351239833339999450e+02
-5.983945128440000190e+02	3.233101421459999756e+02
-5.966069378580000375e+02	3.957747672720000196e+02
-5.851582695360000343e+02	7.137643279769999936e+02
-5.957552980259999913e+02	2.517209145879999994e+02
-6.027162696880000112e+02	1.967114106699999923e+02
-5.977366609890000291e+02	3.901472424990000150e+02
-6.013631412729999965e+02	2.204571974399999874e+02
-6.010276152049999610e+02	2.287273167010000066e+02
-6.001749399870000161e+02	1.993608048229999952e+02
-6.035430864779999638e+02	1.386934927819999928e+02
-5.959700291039999911e+02	3.882218379469999832e+02
-5.890781254629999921e+02	5.403941382509999585e+02
-5.998831414320000022e+02	1.274399680620000055e+02
-5.960247151620000068e+02	3.490858140340000091e+02
-6.035352443560000211e+02	1.334143661459999919e+02
-5.995029897800000072e+02	2.495527716480000038e+02
-5.970816240320000361e+02	2.934278706520000242e+02
-5.923102601030000187e+02	1.905543962860000136e+02
-5.947511077330000262e+02	1.795019282799999871e+02
-6.034196867580000117e+02	6.353447907009999795e+01
-6.022409616510000205e+02	1.245705084810000045e+02
-5.962776682009999831e+02	4.583080956430000015e+02
-5.979125341220000109e+02	3.724634704119999924e+02
-5.917281924019999906e+02	5.183066432499999792e+02
-5.996514779059999682e+02	1.950501881209999908e+02
-5.984649698859999489e+02	1.816226271310000016e+02
-6.006302216300000509e+02	2.384833356139999978e+02
-5.979147903360000100e+02	2.453519632180000087e+02
-5.983555840020000005e+02	1.937798061480000058e+02
-5.999317668800000547e+02	1.273206590770000020e+02
-5.817295626740000216e+02	3.249332893740000259e+02
-5.910159281920000467e+02	5.751650647579999713e+02
-5.979364825049999581e+02	3.005342838130000018e+02
-5.952528580519999650e+02	2.698658235730000001e+02
-6.047677760179999495e+02	8.900307635459999744e+01
-5.948057653099999698e+02	4.773526475859999891e+02
-5.989558706330000177e+02	3.209595433619999767e+02
-6.014149215740000045e+02	2.372629261120000024e+02
-5.935514616799999885e+02	4.422529017460000205e+02
-6.034055083759999434e+02	9.210431779740000025e+01
-5.956177915780000376e+02	3.798214990320000197e+02
-6.018725912410000092e+02	8.229548727760000304e+01
-6.005246426170000404e+02	2.313361150169999974e+02
-5.944278860419999546e+02	5.386509141640000280e+02
-5.901673625429999674e+02	4.997258117119999952e+02
-5.976722400459999562e+02	2.225164539239999897e+02
-5.945639730149999878e+02	4.962136906239999803e+02
-6.048184234230000129e+02	9.059443286200000500e+01
-5.974278984940000328e+02	3.127688300739999931e+02
-5.907041461699999445e+02	5.014548739709999836e+02
-5.783663259779999635e+02	7.452439160789999733e+02
-5.964466741840000168e+02	9.209219709170000101e+01
-5.841708518430000368e+02	4.082215767260000234e+02
-5.801161242829999765e+02	4.609240459060000035e+02
-5.959007075539999505e+02	1.806688234679999994e+02
-5.988879750520000016e+02	1.405282629620000137e+02
-5.901272952240000222e+02	4.016105805139999916e+02
-5.958434879940000428e+02	2.681462072909999961e+02
-5.973508420509999723e+02	1.924727995590000091e+02
-6.034154826400000502e+02	1.296867577920000087e+02
-6.010853801079999812e+02	1.535589293650000116e+02
-5.986333440549999523e+02	2.886528918540000177e+02
-5.939648257180000428e+02	5.474057469639999454e+02
-5.827859300479999547e+02	9.794424509460000081e+02
-6.022622766529999581e+02	2.150241175680000083e+02
-5.964850036059999638e+02	3.690265153029999965e+02
-5.912940540770000553e+02	6.289112799939999832e+02
-5.940518279200000507e+02	5.036605113240000264e+02
-5.966839564619999692e+02	4.402118984109999928e+02
-6.036871846059999598e+02	1.103174833080000070e+02
-5.943545954689999462e+02	4.234448427379999771e+02
-5.846427824730000111e+02	5.831790269750000562e+02
-5.958268210700000509e+02	1.775102472300000045e+02
-5.944987458750000542e+02	3.919895093289999863e+02
-5.994188965480000206e+02	1.377275438050000105e+02
-5.991694831940000086e+02	2.681701179259999890e+02
-5.984851922440000180e+02	2.169206584430000078e+02
-5.983336456130000442e+02	3.668623159470000132e+02
-5.750085045419999688e+02	1.062391320960000030e+03
-5.946988722439999719e+02	1.651633915289999948e+02
-5.952112765929999796e+02	2.414643935199999873e+02
-5.961275648240000464e+02	1.562310723520000124e+02
-5.977627942289999510e+02	8.384472825289999776e+01
-5.931099082380000027e+02	1.761462724639999919e+02
-5.799283859009999560e+02	5.394771697429999904e+02
-5.954584908460000179e+02	2.025252718110000103e+02
-5.931031626019999976e+02	4.364881812770000238e+02
-5.988927330110000185e+02	2.040255224469999860e+02
-5.946454093620000094e+02	5.164820023930000161e+02
-6.009329428080000071e+02	1.886917041510000104e+02
-6.015765366519999588e+02	1.861036883419999981e+02
-5.969354181139999582e+02	3.037692486430000258e+02
-5.900276693079999859e+02	6.200594878040000140e+02
-5.944603450659999453e+02	4.736005317789999935e+02
-5.885867282340000202e+02	6.819481745309999496e+02
-5.994131827339999745e+02	1.901049848179999913e+02
-5.934723378090000097e+02	5.149184603080000215e+02
-6.016367490449999877e+02	2.196174929009999914e+02
-5.926202362960000301e+02	5.749860600179999892e+02
-5.939196430739999641e+02	4.078748182969999903e+02
-6.000584842279999975e+02	2.329972830419999923e+02
-5.991946943149999925e+02	2.437149954649999870e+02
-6.034713591170000200e+02	1.217438946139999985e+02
-6.043819195300000047e+02	1.213682177209999935e+02
-6.019828873860000158e+02	2.286501408750000053e+02
-5.917344942710000169e+02	6.140016188639999655e+02
-6.013964620120000291e+02	2.199308117550000077e+02
-5.997362046120000514e+02	1.965793728079999880e+02
-5.948587980769999604e+02	3.349440484309999988e+02
-6.022057730430000220e+02	7.690203585000000430e+01
-5.980157485580000412e+02	3.228307381530000271e+02
-5.998189204269999664e+02	1.550969702689999963e+02
-6.025628123449999975e+02	1.866212879219999934e+02
-6.000199836589999904e+02	2.660780248519999986e+02
-5.952724265240000250e+02	5.640034257700000353e+01
-6.045857738360000440e+02	1.099463686109999969e+02
-5.919342214819999981e+02	6.207037802260000490e+02
-5.965232936810000410e+02	3.942016167040000028e+02
-5.985886668849999523e+02	4.849138069650000205e+01
-5.843388944179999953e+02	3.938861908349999794e+02
-5.949388319859999683e+02	3.079446911420000106e+02
-5.979635189910000008e+02	2.929271384020000255e+02
-5.978152520439999762e+02	8.018766973040000323e+01
-5.956816948240000329e+02	1.843162062650000053e+02
-5.963667450579999922e+02	2.819015200810000010e+02
-5.913627296680000427e+02	1.793390093760000070e+02
-5.714799485250000544e+02	7.620244552330000261e+02
-5.916313069440000163e+02	3.096144547310000235e+02
-5.924238083330000109e+02	3.743534796420000248e+02
-5.998836763479999945e+02	1.887482375639999930e+02
-6.015268545679999761e+02	1.144090888589999935e+02
-5.983960422909999579e+02	2.411181301830000052e+02
-5.944330306389999805e+02	5.065544481620000283e+02
-5.997569888389999733e+02	2.551325400279999940e+02
-6.003499858979999999e+02	1.722641456640000115e+02
-5.936934433149999677e+02	4.065013395070000115e+02
-5.916772603839999647e+02	4.487459752610000123e+02
-5.987710609780000368e+02	1.515379003539999871e+02
-5.898334284410000237e+02	5.329286589839999806e+02
-6.011858665439999641e+02	6.967743362199999524e+01
-6.006883475580000322e+02	2.901473316510000018e+02
-5.897283792470000208e+02	6.726056625469999517e+02
-6.043144455860000335e+02	1.298845629900000063e+02
-6.035552821640000047e+02	1.578715899229999877e+02
-6.070919905260000178e+02	3.002671536940000152e+01
-5.968691562239999939e+02	3.309388231899999937e+02
-5.911422494549999556e+02	6.160341895310000382e+02
-5.974709588360000225e+02	1.416714799240000104e+02
-5.953404726950000168e+02	2.523746024250000062e+02
-5.872958774080000239e+02	3.998866124659999741e+02
-6.020407131460000301e+02	2.075284718089999956e+02
-5.986698591140000190e+02	2.663628627489999872e+02
-5.990498331789999611e+02	1.595194122139999990e+02
-6.034152275699999564e+02	3.385446422119999710e+01
-6.021719918579999558e+02	1.651445352629999945e+02
-5.977849088619999520e+02	3.338843319910000105e+02
-6.025916132170000310e+02	1.893356777049999948e+02
-6.040711335620000000e+02	1.385660135109999942e+02
-5.981272133480000548e+02	3.596512773499999867e+02
-5.974705712439999843e+02	3.831754833819999817e+02
-5.920949423079999860e+02	4.381876337969999895e+02
-5.991178640189999669e+02	1.462674031669999977e+02
-6.017032884899999772e+02	1.850451707740000131e+02
-5.952829806529999814e+02	2.902816754959999912e+02
-6.019884956600000123e+02	2.162495879079999952e+02
-6.000849543809999886e+02	2.789271303119999743e+02
-6.000022887530000162e+02	1.579380376699999999e+02
-6.014379036999999926e+02	8.528609122429999445e+01
-5.924939059670000461e+02	3.839089964519999967e+02
-5.797775993679999829e+02	8.531688620779999610e+02
-5.976413492039999937e+02	3.359222490349999930e+02
-5.945409730520000267e+02	4.679390437139999790e+02
-5.880074379290000479e+02	4.167917440329999863e+02
-5.947891948120000052e+02	2.445054569700000116e+02
-5.945847624079999605e+02	3.207302892160000169e+02
-6.003505509970000276e+02	1.700691394790000004e+02
-5.975290243949999649e+02	4.044706813380000199e+02
-6.038247266299999865e+02	6.990711788870000021e+01
-5.939825547609999603e+02	3.623028577960000121e+02
-5.872170536659999698e+02	7.148938641030000554e+02
-6.053232203129999789e+02	9.523850458719999779e+01
-5.986755094439999993e+02	2.809328690130000155e+02
-5.996486282839999831e+02	3.375584394370000041e+02
-6.015306266899999628e+02	1.323529288459999975e+02
-6.018219990170000528e+02	1.718261110589999987e+02
-6.008964840490000370e+02	1.386406585230000132e+02
-5.954444767219999903e+02	3.038879036100000235e+02
-6.057806412310000042e+02	3.230468589560000225e+01
-5.988937432779999881e+02	2.219785780439999883e+02
-6.014687104339999451e+02	8.671276731810000626e+01
-5.986902203649999592e+02	3.084156983020000098e+02
-5.878545747619999702e+02	7.808524510470000450e+02
-5.987043285549999609e+02	2.240983536479999998e+02
-5.881084396029999652e+02	6.075523179260000006e+02
-6.031866585440000108e+02	1.394624779510000110e+02
-6.031818059350000567e+02	1.747135706260000063e+02
-5.980609805399999459e+02	3.766976131690000216e+02
-5.998110736720000205e+02	2.378825170549999939e+02
-5.945908870199999683e+02	4.771773060940000164e+02
-6.018616745750000518e+02	1.266113532229999947e+02
-5.991112772139999834e+02	1.110257148369999953e+02
-5.922200489919999882e+02	1.418496598970000093e+02
-5.873138605399999506e+02	4.260224170249999815e+02
-6.021487903629999892e+02	1.334089936809999983e+02
-6.013844146820000560e+02	1.877460117500000081e+02
-6.007589938920000350e+02	1.317045650560000070e+02
-6.030421942839999474e+02	3.861277968259999938e+01
-5.872265404529999842e+02	6.518953387919999614e+02
-5.949045268910000459e+02	3.506107176930000264e+02
-6.002293148969999947e+02	2.198815550319999943e+02
-5.936774278369999820e+02	3.015072468829999934e+02
-6.032957010259999606e+02	1.558989602960000127e+02
-6.001883393370000022e+02	1.573319706300000007e+02
-5.852508456660000320e+02	7.804342005280000194e+02
-5.951867182700000285e+02	4.141042147420000106e+02
-6.016398174199999858e+02	2.269408904389999861e+02
-5.913094866689999662e+02	6.051196394590000409e+02
-5.992026919649999854e+02	2.697643607119999842e+02
-5.976188398320000488e+02	2.178048816460000126e+02
-6.002068494300000339e+02	2.684367875369999865e+02
-6.047785583439999755e+02	1.077342414870000056e+02
-6.042804828350000435e+02	1.313093934530000126e+02
-5.958451934280000160e+02	3.935183168919999730e+02
-5.996095835170000328e+02	2.378251797819999922e+02
-5.978388563209999802e+02	1.478143768049999949e+02
-5.974490896969999767e+02	3.307912820949999855e+02
-6.002734638399999767e+02	2.523309317389999933e+02
-6.040799505180000324e+02	1.467665575720000106e+02
-5.963815395240000043e+02	3.101014378880000208e+02
-5.949485050460000366e+02	4.502130961949999914e+02
-6.015209845870000436e+02	2.304001977709999949e+02
-5.954563192699999945e+02	4.355849294719999989e+02
-5.981840466559999641e+02	2.988399731920000022e+02
-5.948467582629999697e+02	2.422482288260000018e+02
-5.990243917220000185e+02	2.284696533990000091e+02
-5.973218308550000302e+02	4.072175537420000069e+02
-6.005188405930000499e+02	2.429112228730000140e+02
-5.984354715849999593e+02	3.639394961369999919e+02
-5.952024227650000512e+02	2.910850052449999907e+02
-5.949626302919999716e+02	2.165327268899999922e+02
-5.958504746859999841e+02	2.442113767909999922e+02
-5.898899131360000183e+02	2.345612686530000133e+02
-5.826489447520000340e+02	4.302592859129999852e+02
-5.910192314240000542e+02	1.259562862679999995e+02
-5.857865390719999823e+02	3.417588416269999811e+02
-5.932439292990000013e+02	2.504051265829999977e+02
-5.967637526830000070e+02	1.070074501189999978e+02
-5.999244134430000486e+02	1.725034280849999959e+02
-5.993710615920000464e+02	3.206682212599999957e+02
-5.998448968440000044e+02	2.990102907869999740e+02
-5.968099608960000069e+02	4.116148742610000113e+02
-5.989331561259999717e+02	3.501442860810000184e+02
-5.923466517670000258e+02	5.545389872920000016e+02
-5.969241012910000563e+02	3.759930035639999915e+02
-6.006964712200000349e+02	2.684625114140000051e+02
-6.019506065189999617e+02	1.115104467949999929e+02
-6.006074832000000470e+02	1.812672058599999900e+02
-6.025448886249999987e+02	1.461224467629999992e+02
-5.952096107749999874e+02	1.796660176149999870e+02
-5.917703592929999559e+02	4.036216416060000256e+02
-5.885747601770000301e+02	2.407331584869999972e+02
-5.813999485440000399e+02	4.338973600150000038e+02
-5.804124328169999671e+02	6.952013064699999632e+02
-5.965081430819999468e+02	2.560392198239999857e+02
-6.032379116240000485e+02	1.408558811030000015e+02
-5.855968209259999639e+02	6.679741182179999441e+02
-6.016498693590000357e+02	1.501944272629999944e+02
-5.953199420739999823e+02	2.945344160829999964e+02
-5.865829292900000382e+02	6.123658677070000067e+02
-5.960492895989999624e+02	3.296041163259999962e+02
-5.867773606370000152e+02	4.000680562759999930e+02
-5.953226662729999816e+02	3.608618876049999926e+02
-5.906601725960000522e+02	3.122194587690000276e+02
-5.971274580040000046e+02	2.033341375050000011e+02
-5.962888250669999479e+02	3.504092799640000067e+02
-5.977087106640000229e+02	2.635578274879999867e+02
-6.012090942190000078e+02	2.603529317360000164e+02
-6.004994321699999773e+02	2.107669070899999895e+02
-6.026920253690000209e+02	1.096870436359999985e+02
-6.023757753580000553e+02	1.408942793150000057e+02
-6.059556607260000192e+02	6.825772912819999760e+01
-5.942219008419999682e+02	4.803573303630000169e+02
-6.015670143969999799e+02	1.033437405410000025e+02
-5.991675142719999485e+02	2.065069271289999904e+02
-5.983919359510000504e+02	2.444617372870000054e+02
-6.026729300480000120e+02	1.749440296509999939e+02
-5.985567933559999574e+02	3.613386989530000051e+02
-6.017961538309999696e+02	1.310553911190000065e+02
-6.028908603859999857e+02	4.546986691029999861e+01
-6.000435629019999624e+02	2.895309504379999908e+02
-5.966260321050000357e+02	1.680299480770000002e+02
-5.920460519969999496e+02	5.070011517660000209e+02
-6.015404830400000264e+02	1.213536592030000065e+02
-5.990446301370000128e+02	2.426149202660000128e+02
-6.001952444380000316e+02	1.731233082610000054e+02
-6.033877047380000249e+02	1.692180395270000020e+02
-5.943118834289999768e+02	4.282006607920000079e+02
-5.962842763229999719e+02	4.161090845969999918e+02
-5.971592300380000324e+02	3.338270538670000178e+02
-5.998561618139999609e+02	2.706612097349999999e+02
-6.008462605949999897e+02	2.015685685040000124e+02
-5.963668179129999771e+02	2.446253679350000141e+02
-5.987049106330000541e+02	1.797488654109999970e+02
-6.006103468109999994e+02	2.616166889309999988e+02
-5.996395598650000238e+02	2.523481014269999889e+02
-5.988588031110000429e+02	3.066442226429999778e+02
-5.993500184440000567e+02	2.983601913200000126e+02
-5.948713379529999656e+02	4.716428756170000156e+02
-5.984485111039999765e+02	3.520812273110000206e+02
-5.961153329810000514e+02	3.088323037819999968e+02
-5.913753469289999884e+02	5.113057564459999753e+02
-5.928018096859999559e+02	3.440816061140000102e+02
-5.863694411459999856e+02	5.523628722329999619e+02
-6.031383092989999568e+02	1.594074031220000052e+02
-6.006850933450000412e+02	7.507911319900000535e+01
-6.017046213889999535e+02	1.720731485059999955e+02
-6.002799418409999817e+02	1.810424771780000128e+02
-5.901948590160000094e+02	5.752590060259999518e+02
-5.911685420269999440e+02	6.463526099079999767e+02
-6.027090561539999953e+02	1.902404542900000024e+02
-5.950200784679999515e+02	3.439945056020000038e+02
-5.887505031050000071e+02	1.095501757330000032e+02
-5.904539268300000003e+02	4.398293943140000124e+02
-5.853838034619999462e+02	6.272198096949999808e+02
-5.827009307810000109e+02	5.574091394820000005e+02
-6.007940400549999822e+02	1.701035272430000020e+02
-5.978076615369999445e+02	2.663944197310000277e+02
-6.039863733309999816e+02	5.296859345010000197e+01
-5.914756609280000248e+02	4.760925301539999737e+02
-6.021213582120000183e+02	1.444388527549999992e+02
-5.970197377490000008e+02	2.295330442489999996e+02
-5.811931550340000285e+02	5.820563162670000565e+02
-5.964050201679999645e+02	1.958830560289999880e+02
-5.903204633479999757e+02	3.926141585999999961e+02
-5.971032983090000243e+02	1.247713483859999997e+02
-5.983778313179999486e+02	3.191190527310000107e+02
-5.966723034450000114e+02	3.346758511290000229e+02
-5.964544031249999989e+02	4.562886662110000202e+02
-5.868722320110000510e+02	7.497079681980000032e+02
-5.976080051420000245e+02	3.235003629089999890e+02
-5.940240512880000097e+02	5.420089752390000513e+02
-5.982548134899999468e+02	3.458235928039999862e+02
-5.928860880920000227e+02	5.124433741829999462e+02
-6.006317361310000251e+02	2.405311414139999897e+02
-6.035882599599999594e+02	1.397402841560000013e+02
-5.983005080079999516e+02	3.774020508510000127e+02
-5.954364708199999541e+02	5.018428587380000181e+02
-5.918709697040000037e+02	6.383912010489999602e+02
-5.944497246109999651e+02	4.494832611429999929e+02
-6.019527318589999823e+02	1.702966831859999957e+02
-6.030798926180000308e+02	1.332227369350000004e+02
-6.020005887339999617e+02	1.646996427889999950e+02
-6.025277427729999999e+02	1.848972331559999986e+02
-6.026964883099999497e+02	1.186186671829999995e+02
-5.811220743180000454e+02	5.936509471089999579e+02
-5.879968430080000417e+02	6.200611143249999486e+02
-5.962456161920000568e+02	2.615933548360000032e+02
-5.976732040589999997e+02	1.947897088320000023e+02
-5.959444316469999876e+02	2.757054921170000057e+02
-5.931034711019999577e+02	4.702903288460000226e+02
-5.965031036670000049e+02	2.259421174350000001e+02
-5.887230212939999774e+02	6.051736955349999789e+02
-5.980316458119999652e+02	3.465201407779999840e+02
-5.874378835119999849e+02	6.855274514769999996e+02
-5.973409645140000066e+02	3.588649913329999777e+02
-6.027465734339999699e+02	1.333248261420000063e+02
-5.884694190889999845e+02	4.449622195289999809e+02
-6.025882465319999710e+02	1.179817091030000000e+02
-5.909770484389999865e+02	5.843610795150000286e+02
-6.007334589390000019e+02	1.436808268739999903e+02
-5.999764820589999772e+02	3.172725254210000116e+02
-6.038251415900000438e+02	1.697478514059999952e+02
-5.976971690780000017e+02	3.320388092270000016e+02
-6.026490829560000293e+02	1.802343570360000058e+02
-5.896920247980000340e+02	4.792294203139999809e+02
-6.001186519149999867e+02	1.989715370760000042e+02
-5.951775306030000365e+02	3.092534697280000273e+02
-5.993471446239999523e+02	2.756020568000000139e+02
-5.988430580770000233e+02	3.114265702380000107e+02
-5.994020416170000090e+02	2.884539840649999860e+02
-5.980028878650000479e+02	3.288808340549999798e+02
-5.964785067510000545e+02	2.518364356879999946e+02
-6.035695088940000232e+02	6.058714550530000054e+01
-6.003527393900000106e+02	2.560959306920000245e+02
-5.985315643269999555e+02	3.757117020960000104e+02
-6.018082275489999802e+02	2.343732646340000088e+02
-5.917579093330000433e+02	5.769601991030000363e+02
-5.978643492439999818e+02	2.660187682999999765e+02
-5.967844104910000169e+02	1.841652569850000134e+02
-5.973049632400000064e+02	3.189568860399999721e+02
-6.000313548829999490e+02	2.093191369150000014e+02
-6.030936648580000110e+02	1.567122305450000113e+02
-6.010603890800000499e+02	2.626721590160000233e+02
-5.947770787370000107e+02	4.104908972210000115e+02
-5.974925208900000371e+02	2.488567371400000070e+02
-5.993016095259999929e+02	3.441599585339999976e+02
-5.987197142410000197e+02	2.960774611329999857e+02
-5.980844335509999610e+02	3.665809856330000116e+02
-6.027911256449999655e+02	1.765017409239999893e+02
-6.022139101850000316e+02	1.427293637429999933e+02
-6.031592054420000295e+02	1.685236345090000043e+02
-5.909722828400000481e+02	5.049182280200000150e+02
-5.948753674519999777e+02	3.602885451760000137e+02
-5.981329507630000535e+02	3.295075495930000216e+02
-5.942455126300000074e+02	4.861360236649999820e+02
-6.049704493100000491e+02	1.123507080960000053e+02
-5.946593909829999802e+02	4.343416019489999940e+02
-5.952170646020000504e+02	2.487099490239999966e+02
-5.981349864769999840e+02	1.636475371159999952e+02
-6.011318239250000488e+02	2.204727949409999894e+02
-5.900932933120000143e+02	5.472372439890000351e+02
-6.048442475959999456e+02	1.116560446270000000e+02
-5.984183494139999766e+02	3.259159874459999742e+02
-5.970284292789999654e+02	3.901845827029999896e+02
-5.969325753949999580e+02	2.266286535010000023e+02
-5.936994986979999567e+02	5.486526048939999782e+02
-5.863623270949999551e+02	7.721614429810000502e+02
-5.950874506870000005e+02	3.481725037809999890e+02
-5.951386864260000493e+02	3.520030510509999999e+02
-5.965400873290000163e+02	1.708019264870000029e+02
-5.974074501659999896e+02	3.766358936369999810e+02
-6.010579192679999778e+02	2.305679930780000007e+02
-5.991520985439999549e+02	2.425656851079999967e+02
-5.945757389740000463e+02	4.383807802779999747e+02
-5.980114829730000565e+02	3.116173344570000268e+02
-6.025209603839999772e+02	3.879966170280000171e+01
-6.022455547270000125e+02	7.895450647859999549e+01
-5.937163956990000315e+02	3.048817520989999821e+02
-5.992784140789999583e+02	3.311995651859999725e+02
-5.982860546409999642e+02	3.667997954100000015e+02
-5.936754041399999551e+02	5.120896637820000024e+02
-6.020087734229999796e+02	2.329720009119999986e+02
-5.909916878779999934e+02	6.677575601390000202e+02
-6.038664226160000226e+02	7.339578763810000339e+01
-5.973400474269999449e+02	3.295551832790000049e+02
-6.065221307790000083e+02	4.030264884740000042e+01
-5.985667809110000235e+02	1.874407165469999939e+02
-6.033350305779999871e+02	1.618759673970000108e+02
-5.953096715570000015e+02	3.579406597440000155e+02
-6.003877019230000087e+02	5.545617085639999999e+01
-5.923648517569999967e+02	4.041319067570000243e+02
-5.941178458870000441e+02	2.404463136640000016e+02
-6.016970766470000171e+02	2.537086231760000032e+02
-6.004202615059999744e+02	2.435890457980000008e+02
-5.959640521769999850e+02	1.897285951499999896e+02
-5.893405759329999682e+02	3.341595973729999969e+02
-5.976587009500000249e+02	2.708906459140000038e+02
-5.941100582239999994e+02	2.817528049019999798e+02
-6.036509545899999694e+02	1.297500588769999865e+02
-5.975464880780000385e+02	3.801047704700000054e+02
-5.911376896059999808e+02	5.823100078480000548e+02
-6.037745243980000396e+02	6.000570583929999913e+01
-5.916871853640000154e+02	5.738897246039999800e+02
-6.055290357330000006e+02	4.051152527379999668e+01
-5.989099142960000108e+02	3.550030801429999769e+02
-5.938357523040000387e+02	4.803440403579999725e+02
-5.935085611340000469e+02	4.403220040009999821e+02
-5.964506146679999574e+02	4.026717537330000027e+02
-5.975887906670000120e+02	3.460699561150000250e+02
-6.026207993369999940e+02	1.725449366249999912e+02
-6.004042299230000026e+02	1.771893478259999881e+02
-5.911573101129999941e+02	6.214404813999999533e+02
-5.947799554389999912e+02	3.229713403389999939e+02
-5.936036771950000457e+02	3.593118177160000073e+02
-6.008089758180000217e+02	9.701564702599999634e+01
-5.995599219859999494e+02	1.702633005220000086e+02
-5.961721270599999798e+02	3.552856247209999765e+02
-5.931362688460000072e+02	2.386045321610000087e+02
-6.041700806039999634e+02	1.117382932619999991e+02
-5.886052605820000281e+02	3.945256365609999989e+02
-5.847944104849999576e+02	6.608800534309999648e+02
-5.875557283660000394e+02	1.583851088149999953e+02
-5.943700384649999933e+02	4.010812554419999856e+02
-5.924000843049999503e+02	5.661910839350000515e+02
-6.037906669489999558e+02	7.818792339210000364e+01
-5.995643910750000032e+02	2.508219718089999901e+02
-6.022647789019999891e+02	1.114864681859999962e+02
-6.017830832380000174e+02	1.269956256680000024e+02
-5.983666020639999488e+02	3.205222751200000175e+02
-5.933825001110000130e+02	5.771223695280000356e+02
-5.996336065740000549e+02	3.107619727310000144e+02
-6.014402965299999551e+02	2.245861008820000109e+02
-5.978850006970000095e+02	2.036566769540000053e+02
-5.943005130169999575e+02	4.365909619020000036e+02
-6.005588154450000502e+02	2.589767468470000154e+02
-5.894068295319999606e+02	5.184559708279999768e+02
-6.033842290970000022e+02	1.792540372679999905e+02
-6.007450800430000299e+02	1.484204853770000057e+02
-6.018821190559999650e+02	2.303098012060000030e+02
-5.970359465980000095e+02	4.103371606100000122e+02
-5.977454636060000439e+02	3.531859300790000020e+02
-5.864678528350000306e+02	3.447028906780000170e+02
-5.909098487390000400e+02	5.541075246569999990e+02
-5.942975093920000518e+02	4.510753455650000205e+02
-5.959894739290000416e+02	4.389757870600000160e+02
-6.032092667379999966e+02	7.660988767610000139e+01
-6.021936984660000007e+02	1.194758343759999946e+02
-5.919114795909999884e+02	3.571913967209999896e+02
-5.937186884610000561e+02	1.432126444310000011e+02
-5.860044601050000210e+02	6.646610818079999490e+02
-5.857445491280000169e+02	6.372558943589999672e+02
-6.017958523280000236e+02	8.088129946179999763e+01
-5.952243808309999622e+02	4.802488088129999824e+02
-6.037536387979999972e+02	8.280273384209999676e+01
-5.988814022640000303e+02	2.391972378879999894e+02
-5.889401087210000014e+02	5.454699509499999976e+02
-6.035597048040000345e+02	1.336853997880000122e+02
-5.889164809239999840e+02	6.698380162549999568e+02
-5.992836893180000288e+02	2.762870174490000181e+02
-5.996529906289999872e+02	2.063614412919999950e+02
-5.937933078559999558e+02	5.108571607779999795e+02
-6.032000150479999547e+02	1.806252706619999913e+02
-6.015911494109999467e+02	2.590080829120000203e+02
-6.037145445149999432e+02	6.703675062220000314e+01
-5.991303053049999789e+02	2.202778236830000083e+02
-5.920335375639999711e+02	6.009616023769999629e+02
-6.045358125909999671e+02	1.313319997870000009e+02
-6.014411965269999882e+02	1.418276326760000075e+02
-6.024361329299999852e+02	1.823055282349999970e+02
-5.848812565499999891e+02	8.553014393780000546e+02
-6.019409009419999848e+02	1.453166620110000054e+02
-6.015187306489999628e+02	2.417173786680000092e+02
-6.043593760539999948e+02	1.347697932940000101e+02
-5.949230962220000265e+02	4.190448251270000242e+02
-5.909692017649999798e+02	4.210601074620000190e+02
-5.960923175000000356e+02	2.949347972209999966e+02
-5.917241103799999564e+02	4.885350124199999868e+02
-5.974334487810000383e+02	3.095846814700000209e+02
-6.026815311980000160e+02	1.375083572800000127e+02
-5.970489836470000000e+02	1.278963983640000066e+02
-6.016764204910000444e+02	1.710637706939999987e+02
-6.041987940510000499e+02	1.370856317070000046e+02
-6.030515255369999750e+02	1.710698255350000068e+02
-6.007906389070000159e+02	2.650087599780000005e+02
-6.024192650700000513e+02	9.836471685499999751e+01
-5.975328337089999877e+02	9.438371714030000703e+01
-5.928014074589999609e+02	2.825609218789999773e+02
-5.998577247919999991e+02	1.667206093089999968e+02
-5.998054594769999994e+02	2.561633214780000003e+02
-6.021837012979999599e+02	2.033351280999999915e+02
-6.036719093509999539e+02	6.798901314389999584e+01
-5.878253235619999941e+02	5.543608422920000294e+02
-5.951474172910000107e+02	4.139308936009999798e+02
-6.003256898560000536e+02	2.731530763160000106e+02
-5.908537413450000031e+02	6.266423126800000318e+02
-6.028421925879999890e+02	1.633675027440000065e+02
-6.031874320099999522e+02	1.761161193760000003e+02
-5.977992633239999805e+02	3.047231961989999718e+02
-6.037860299579999719e+02	6.064260140350000228e+01
-5.985004517219999798e+02	1.411871659180000051e+02
-5.972007830219999960e+02	3.658499562370000149e+02
-5.939951638779999712e+02	3.616970603799999822e+02
-6.021397457040000063e+02	1.103518977129999996e+02
-5.997227264650000507e+02	1.926853880769999989e+02
-5.958619755969999687e+02	2.479736294260000022e+02
-6.024211960290000434e+02	1.338660840420000113e+02
-5.912017150950000541e+02	5.494304383689999440e+02
-6.041795701409999992e+02	1.495226209610000012e+02
-5.988868753210000477e+02	3.187448235190000219e+02
-5.964059979710000334e+02	3.557158699029999980e+02
-5.913991310730000350e+02	3.379915362419999951e+02
-6.022407027159999870e+02	1.545192161930000054e+02
-5.985160713960000294e+02	3.470009855280000011e+02
-5.981406244229999629e+02	3.204422540109999886e+02
-6.031101433799999540e+02	1.191906822290000036e+02
-5.993353527839999515e+02	1.125507746920000045e+02
-5.940014142620000257e+02	3.084041202600000133e+02
-5.944793149990000529e+02	3.069275938779999819e+02
-5.855238442400000167e+02	7.785976964669999916e+02
-5.922030436950000194e+02	5.568329400620000342e+02
-6.019877388310000015e+02	2.229592759170000136e+02
-5.987669718140000441e+02	3.367067051540000193e+02
-6.054733944629999769e+02	5.599547859369999969e+01
-6.014452935629999502e+02	2.659075088910000204e+02
-5.959242715889999999e+02	3.589132300590000000e+02
-6.028195497809999779e+02	1.689453611110000111e+02
-6.011870667599999933e+02	2.475832075630000020e+02
-5.923394419779999680e+02	5.255301073760000463e+02
-5.971823150830000486e+02	3.317768402450000167e+02
-6.031673322149999876e+02	9.621086515449999865e+01
-6.008536926320000475e+02	1.393301527019999924e+02
-6.019284373790000018e+02	7.201007947770000328e+01
-6.019260014069999443e+02	9.532468753140000217e+01
-5.929941311750000068e+02	5.497268123170000536e+02
-5.942156653040000265e+02	3.571931468779999932e+02
-6.015711213660000567e+02	2.147107065200000022e+02
-5.903922241579999763e+02	3.820672636180000268e+02
-5.955952066239999567e+02	4.911396468899999945e+02
-5.983483387410000205e+02	3.184876901869999983e+02
-5.999236492459999681e+02	2.853715876989999742e+02
-6.035031926729999441e+02	1.572682573259999970e+02
-5.970391206489999831e+02	3.867942846039999836e+02
-6.000020882300000267e+02	1.813146257859999935e+02
-6.038843907619999527e+02	1.104266250790000043e+02
-6.011054229100000157e+02	7.201274137699999756e+01
-5.909531921020000027e+02	5.216637874849999434e+02
-5.951136333729999706e+02	3.168439516180000055e+02
-5.867163753170000291e+02	4.415138647160000005e+02
-5.996573411619999661e+02	1.637560878539999862e+02
-5.968186689919999708e+02	3.031582540790000166e+02
-5.921403129300000501e+02	5.201416707629999792e+02
-5.953452545669999836e+02	4.311779460930000027e+02
-5.985572517010000411e+02	3.037438871749999976e+02
-5.969263562419999971e+02	3.220428202460000193e+02
-5.967815562470000259e+02	4.224484059679999746e+02
-6.043404842989999679e+02	1.287352950359999966e+02
-6.005138149849999536e+02	1.757144816999999932e+02
-5.951737054760000092e+02	4.784618770590000167e+02
-5.971474273490000542e+02	2.001567602510000086e+02
-5.938090884690000166e+02	3.059270078399999875e+02
-6.039398298669999576e+02	1.465028522450000139e+02
-5.984004310420000365e+02	1.843224856630000090e+02
-6.044600488910000422e+02	1.169256000249999943e+02
-5.951848660650000511e+02	3.397440364670000008e+02
-5.904469824960000324e+02	4.344914425489999985e+02
-5.913303711920000296e+02	4.353378435149999746e+02
-6.004639293889999863e+02	1.585413181170000030e+02
-6.007973600269999679e+02	2.385132024620000095e+02
-6.045289366969999492e+02	9.604946082370000227e+01
-6.027561306100000138e+02	1.073946321079999962e+02
-5.954152670959999796e+02	4.467280958769999870e+02
-5.956804114650000201e+02	3.559043614569999932e+02
-5.941346380549999822e+02	4.152607451599999990e+02
-6.034893348719999722e+02	5.256710828170000127e+01
-6.011284403490000159e+02	1.475483005339999920e+02
-5.979580775519999634e+02	3.244244627969999897e+02
-5.944294649270000264e+02	4.597314897350000251e+02
-5.956830074690000174e+02	3.140608549660000222e+02
-5.913156553239999766e+02	5.490121636850000186e+02
-6.019160311739999543e+02	1.994875312020000138e+02
-6.041771335030000500e+02	1.327388230800000031e+02
-6.005888485100000480e+02	2.774888618269999938e+02
-6.001970221469999842e+02	2.959356668180000156e+02
-6.060361640559999614e+02	7.026899597189999724e+01
-5.998142701440000337e+02	3.105624951230000192e+02
-6.022578616759999477e+02	2.025403170159999888e+02
-6.008111298820000457e+02	1.482017605480000100e+02
-5.902292340819999481e+02	3.549764778699999965e+02
-5.866698517669999546e+02	4.100620721619999927e+02
-5.922405724149999742e+02	3.406146180569999729e+02
-6.009705487640000001e+02	7.706772787330000085e+01
-5.948678937820000101e+02	3.506880400620000273e+02
-5.896441085469999734e+02	4.799964729960000227e+02
-5.926058377150000069e+02	2.409552907750000088e+02
-5.788537412030000269e+02	8.249512977819999833e+02
-5.878845600429999649e+02	4.434593271719999734e+02
-5.799077621659999977e+02	9.675347349569999551e+02
-5.971035705470000039e+02	3.461313700910000080e+02
-6.013265338720000273e+02	1.665866598370000133e+02
-5.916842918229999668e+02	4.285283806059999847e+02
-6.015842956200000344e+02	1.642760245460000021e+02
-6.035269681089999949e+02	1.440020659449999982e+02
-5.937826412419999542e+02	5.406121761550000429e+02
-5.996604688740000029e+02	2.270121647420000102e+02
-5.963877990050000335e+02	3.106027848969999923e+02
-6.027205451629999970e+02	5.808826506649999999e+01
-5.964314584029999651e+02	3.043167256319999865e+02
-5.858228963740000381e+02	5.809028447409999671e+02
-5.907882928689999744e+02	6.055413833070000464e+02
-5.973819449269999495e+02	3.983113915609999935e+02
-5.956366382789999534e+02	4.876313968549999913e+02
-5.999542031539999698e+02	3.122545295279999777e+02
-5.980593568159999904e+02	3.295059255009999788e+02
-6.003778631579999683e+02	1.632448839770000006e+02
-5.982350336619999780e+02	3.246283868799999937e+02
-5.901134856549999768e+02	6.935142345310000564e+02
-5.962495045550000441e+02	4.241917540460000282e+02
-6.002602969099999655e+02	2.928915570070000172e+02
-5.981652899360000220e+02	3.267801619090000145e+02
-5.999729998179999484e+02	2.536803286470000103e+02
-6.013696262350000552e+02	2.368820657329999904e+02
-6.010848844879999433e+02	2.585993574199999898e+02
-5.984635071530000232e+02	2.831083132310000110e+02
-5.914357156449999593e+02	5.271091418360000489e+02
-6.035603890260000526e+02	1.428489498890000107e+02
-6.006653370819999509e+02	2.946263183020000156e+02
-5.944847913999999491e+02	2.722823929319999934e+02
-5.991296838350000371e+02	2.820601911119999841e+02
-5.990667600069999708e+02	3.053578002130000186e+02
-6.022487652900000512e+02	2.057806951899999888e+02
-6.033304200359999641e+02	1.900886869400000023e+02
-5.996792017669999950e+02	2.248390368809999984e+02
-5.834647887300000093e+02	8.249557815330000494e+02
-6.020016064689999666e+02	1.579373055840000006e+02
-6.058145718949999718e+02	6.795313241510000069e+01
-5.979719524070000034e+02	3.959155306179999911e+02
-6.011318754999999783e+02	2.486885603389999915e+02
-6.026997717829999601e+02	2.117727699900000005e+02
-6.019830613980000180e+02	2.185075699429999929e+02
-5.986243080589999863e+02	3.534277086820000022e+02
-6.032872544990000279e+02	1.665789268499999878e+02
-6.003550440010000102e+02	1.937908665410000140e+02
-5.964903771479999932e+02	2.408828954589999967e+02
-5.890740754299999935e+02	6.338130020129999593e+02
-5.962646903060000341e+02	2.526015015879999908e+02
-6.004028254029999516e+02	2.159832935759999941e+02
-6.022898615340000106e+02	1.759941804519999948e+02
-5.977165683729999728e+02	3.670397214019999979e+02
-5.956519164410000258e+02	3.294791151989999776e+02
-5.892407295420000537e+02	5.731280272960000275e+02
-6.004144224079999503e+02	2.023917092050000122e+02
-5.941577369350000026e+02	3.688610328290000098e+02
-5.977858550759999616e+02	2.601198344160000033e+02
-5.905865967500000124e+02	5.912649892010000485e+02
-5.992205298919999450e+02	2.561591179399999874e+02
-5.796305996739999955e+02	1.044995896820000098e+03
-6.062152154359999940e+02	3.008300200500000088e+01
-5.985411685779999971e+02	3.375307463259999849e+02
-5.962261978929999486e+02	2.342796347830000059e+02
-6.059019352289999460e+02	6.709162826860000450e+01
-5.975369649519999484e+02	3.824697865339999794e+02
-5.992937600840000414e+02	1.740184281639999995e+02
-6.039430123549999507e+02	1.526264618529999950e+02
-5.966534002360000386e+02	4.487295273060000227e+02
-5.961170890099999724e+02	4.299732579590000228e+02
-5.880879201730000432e+02	3.190745722550000210e+02
-6.016525249799999528e+02	1.356628187089999926e+02
-5.962214498739999726e+02	3.324039346359999740e+02
-6.046015782409999701e+02	1.146536589380000066e+02
-6.007189076329999580e+02	2.273544549119999942e+02
-5.903364056890000029e+02	3.987086003709999886e+02
-5.955785576230000515e+02	2.030546896630000049e+02
-5.973903474290000304e+02	2.078170918380000103e+02
-5.937772946600000523e+02	2.019292948529999876e+02
-5.951151445149999972e+02	2.130664531589999910e+02
-5.944274680009999656e+02	1.747400772050000057e+02
-5.920056383380000398e+02	2.966964317979999919e+02
-5.941244836170000099e+02	3.025495313910000164e+02
-5.832482417429999941e+02	4.722378849550000268e+02
-5.972333025509999516e+02	3.292454975879999779e+02
-5.924411244440000246e+02	3.826001603920000207e+02
-5.972496013270000503e+02	4.096693820030000097e+02
-6.031152192380000088e+02	1.016377031960000039e+02
-6.016393897540000353e+02	1.137114862669999980e+02
-5.982354730780000409e+02	1.577401154229999918e+02
-6.035264280439999993e+02	1.128988964650000071e+02
-5.904898466429999644e+02	6.405463383930000418e+02
-5.894939289789999748e+02	7.387663638379999611e+02
-5.984539535610000485e+02	3.189997658249999972e+02
-5.887449473090000538e+02	7.459274433279999812e+02
-5.980709966919999943e+02	3.516366631399999960e+02
-6.037663180020000482e+02	1.201202857950000009e+02
-5.988330349440000191e+02	3.559751507770000103e+02
-6.043571558119999736e+02	1.364353225680000037e+02
-5.926424337959999775e+02	3.901435841940000273e+02
-5.958117947719999847e+02	2.315680587930000058e+02
-5.939272581860000173e+02	2.512084672189999992e+02
-5.954595315259999779e+02	3.767282001479999849e+02
-5.920965211940000472e+02	2.965676752140000190e+02
-6.001912020949999942e+02	2.519598821429999873e+02
-5.974876880059999849e+02	4.090633706940000138e+02
-6.033843930870000349e+02	1.644444361289999961e+02
-5.973122735939999757e+02	3.798246383960000117e+02
-5.982470786520000274e+02	3.434725009769999815e+02
-6.008737939009999991e+02	1.254955144789999935e+02
-5.950415779520000115e+02	4.612920200159999808e+02
-5.976220874619999677e+02	2.916099170379999919e+02
-5.958961746310000080e+02	3.145263196399999970e+02
-5.994019391199999518e+02	3.058608219189999886e+02
-6.025760837269999683e+02	2.106748294159999944e+02
-6.021749308339999516e+02	1.682768779269999868e+02
-6.021947302239999544e+02	5.718519199810000231e+01
-5.944763035759999639e+02	1.416512852950000081e+02
-5.885773377350000146e+02	4.232685207850000211e+02
-6.013016258999999764e+02	2.366567112410000107e+02
-6.024045643980000477e+02	1.261884755239999976e+02
-5.986282790090000390e+02	3.406647648030000255e+02
-6.043987246359999972e+02	8.835719330499999558e+01
-5.976026396429999750e+02	1.651847000159999936e+02
-6.005298844440000039e+02	2.162359322529999872e+02
-6.022160850110000183e+02	1.572886400429999867e+02
-6.019379230920000055e+02	2.266036830399999928e+02
-5.932234774779999498e+02	5.783241771360000030e+02
-6.052543343400000140e+02	7.978175557929999684e+01
-6.008359865620000164e+02	8.703367972079999504e+01
-6.048767340319999448e+02	1.077306202169999949e+02
-5.982536898880000535e+02	2.975965593750000266e+02
-5.937723449339999888e+02	3.547147362289999819e+02
-5.900041921959999627e+02	4.037906620910000015e+02
-5.982450653839999859e+02	2.702184240770000088e+02
-5.987326905029999580e+02	1.723734578469999974e+02
-6.009700842729999977e+02	2.258181003059999910e+02
-6.000273372069999596e+02	1.263216217749999970e+02
-5.971456928100000141e+02	3.864998318109999786e+02
-5.939175488250000399e+02	4.088666022130000215e+02
-5.882175972000000002e+02	5.763094330369999625e+02
-6.012373769859999584e+02	2.050293343460000131e+02
-6.047923296159999609e+02	1.033743963179999952e+02
-5.954515110160000404e+02	4.782817677169999797e+02
-6.047733122130000538e+02	3.648987433420000315e+01
-5.930951389839999592e+02	5.402939001050000343e+02
-5.966622544570000173e+02	4.345398207210000123e+02
-5.892422515050000129e+02	7.007958956359999547e+02
-5.971102658150000480e+02	2.099928260970000053e+02
-5.848687576969999782e+02	6.764877897699999494e+02
-5.973728198730000258e+02	3.181315444609999759e+02
-5.974870043629999827e+02	3.732316934869999727e+02
-6.018945846530000381e+02	1.456202930249999952e+02
-5.991637200870000015e+02	3.014948001449999992e+02
-5.931178272549999519e+02	1.505537998640000126e+02
-5.951484187730000031e+02	3.944362218150000103e+02
-5.969692885130000377e+02	4.211763009190000275e+02
-5.910701868050000485e+02	6.048948760509999829e+02
-5.957595556520000173e+02	3.973912749919999783e+02
-5.997269926879999957e+02	3.298299585359999924e+02
-6.029447733959999596e+02	1.777938608350000038e+02
-5.978195375340000055e+02	2.329445085639999888e+02
-5.983945454460000519e+02	2.852353807380000035e+02
-5.965650844120000329e+02	1.178434307130000036e+02
-5.978896132419999958e+02	3.976762904340000091e+02
-5.874219760619999988e+02	7.781544690550000496e+02
-6.034468482470000481e+02	1.457157263619999981e+02
-5.971517509000000246e+02	2.793647846640000125e+02
-5.997749770399999534e+02	2.197657994490000135e+02
-6.037394920629999433e+02	1.560320139250000011e+02
-5.962403536919999851e+02	4.353025115379999761e+02
-6.021101993790000506e+02	2.360909617700000069e+02
-6.022038690650000490e+02	1.795435028800000055e+02
-6.018461327090000168e+02	2.103663876109999933e+02
-6.052147387109999954e+02	9.626404547760000696e+01
-5.995218459339999981e+02	3.348438675630000034e+02
-6.031053626230000191e+02	1.788600518009999973e+02
-5.887974377909999930e+02	7.290702659659999654e+02
-5.993866496890000235e+02	3.469509618889999842e+02
-6.020460085890000528e+02	2.198651246839999942e+02
-6.041545904229999451e+02	1.317205473950000112e+02
-5.968821410750000496e+02	2.153518070629999954e+02
-6.000665557590000390e+02	2.107071153740000113e+02
-6.005865886259999797e+02	1.274118217099999981e+02
-5.990446436380000250e+02	3.367942633119999982e+02
-6.003644392979999793e+02	2.879157419979999872e+02
-6.015598880469999585e+02	1.018046990769999951e+02
-6.009587863079999579e+02	1.533895273759999895e+02
-5.977162138200000072e+02	2.127123948580000103e+02
-5.968148458429999437e+02	4.284911056249999888e+02
-5.916351026449999608e+02	4.988715694969999959e+02
-5.963981377070000462e+02	1.229178536390000005e+02
-5.902305342460000475e+02	1.139348997910000065e+02
-5.856100942230000328e+02	2.489131894409999859e+02
-5.926825103319999926e+02	2.923126023529999884e+02
-5.987160177030000341e+02	1.493362765329999888e+02
-5.994623085550000496e+02	1.499536988019999910e+02
-5.959982583839999961e+02	3.224463158109999767e+02
-5.940021212699999751e+02	4.448970725020000145e+02
-5.944410274460000210e+02	4.737260570359999861e+02
-5.972398572700000159e+02	1.659904054259999953e+02
-5.946529536550000330e+02	5.256619023660000494e+02
-5.935223330080000324e+02	5.339005789550000145e+02
-5.882266623780000145e+02	6.487687949149999440e+02
-6.016523058440000113e+02	2.242211572049999972e+02
-5.913013002190000407e+02	4.019318716060000156e+02
-6.015221246539999811e+02	1.609062690419999910e+02
-5.916119180319999487e+02	4.579838432060000173e+02
-5.940019253819999676e+02	2.323423846210000079e+02
-5.867110307200000534e+02	5.588415762380000160e+02
-6.017428845389999879e+02	1.073766265800000070e+02
-5.987102085479999687e+02	2.878132495369999901e+02
-5.979959363760000315e+02	2.911520666630000278e+02
-5.996079346980000082e+02	1.361184723469999938e+02
-5.902245694829999820e+02	5.486167871100000184e+02
-5.954696782019999546e+02	2.464661354369999913e+02
-5.983703130889999784e+02	2.631969790429999989e+02
-5.961519345880000174e+02	3.981961514050000233e+02
-6.002921395289999964e+02	2.788458342339999945e+02
-5.966321126230000118e+02	4.468725005609999812e+02
-5.988200404140000046e+02	3.017224280460000045e+02
-5.933404009600000109e+02	5.416582351289999906e+02
-6.016486248789999536e+02	2.184693512999999996e+02
-5.981520966059999864e+02	2.964646126299999764e+02
-5.932285916890000408e+02	4.839469985009999959e+02
-5.942956086279999681e+02	2.530332703379999941e+02
-5.786727785860000495e+02	7.070336117279999826e+02
-5.886658651369999689e+02	2.581276248099999862e+02
-5.987461121989999810e+02	2.240862822709999875e+02
-6.002439455319999979e+02	1.746383705949999978e+02
-5.913318528999999444e+02	5.996666407029999846e+02
-6.004302587140000469e+02	2.417128095230000042e+02
-5.970353724159999729e+02	2.591204021350000062e+02
-5.977476569289999588e+02	3.797209501130000149e+02
-5.990903983079999762e+02	3.336988138300000060e+02
-6.052043335590000197e+02	6.084484939709999907e+01
-5.956589128790000132e+02	4.029718400730000099e+02
-6.036988098589999936e+02	1.275198357400000049e+02
-5.967305946069999436e+02	3.322367124209999929e+02
-6.006163550080000277e+02	2.663089004729999942e+02
-5.989679052489999549e+02	3.279558170820000100e+02
-5.922368691870000248e+02	5.563753340780000372e+02
-5.939164943869999433e+02	4.441785601500000098e+02
-6.029920772069999657e+02	1.168159865260000032e+02
-6.040050464839999904e+02	2.461962712160000066e+01
-6.007849915470000042e+02	2.605819424460000278e+02
-5.983862842790000514e+02	2.832623461939999743e+02
-6.001616446210000504e+02	2.617674345390000212e+02
-6.037702085920000172e+02	1.576210687230000076e+02
-5.994622317759999532e+02	2.059710887180000043e+02
-5.946452564740000071e+02	4.380952908849999972e+02
-5.946438510169999745e+02	4.737112493280000081e+02
-5.842765596629999436e+02	9.076008174190000091e+02
-6.002172744580000199e+02	1.713765973609999946e+02
-5.939546386010000560e+02	3.531150965879999717e+02
-5.959340412159999687e+02	4.183934426440000038e+02
-6.044724379279999766e+02	7.735595346910000103e+01
-5.968409921889999623e+02	3.327976030059999744e+02
-6.006746312239999952e+02	2.754108636159999719e+02
-5.981268509809999614e+02	1.062948751069999958e+02
-5.890394909530000405e+02	6.652913928049999868e+02
-5.992287282879999566e+02	2.772219134740000186e+02
-5.989644285760000457e+02	2.694512535370000137e+02
-5.988703189450000082e+02	3.525573576259999982e+02
-6.013179770809999809e+02	1.468456869400000073e+02
-5.923742124609999564e+02	4.927315625279999836e+02
-5.965354231989999789e+02	3.288535331670000232e+02
-5.974054907329999651e+02	3.336847778659999904e+02
-6.002085546470000281e+02	2.285830731929999899e+02
-5.940468307930000265e+02	4.740076819149999778e+02
-6.000877903470000092e+02	2.605777348220000249e+02
-6.001115495310000369e+02	2.624100840869999729e+02
-5.991501699440000266e+02	2.216128691849999939e+02
-6.007496351280000226e+02	2.296833367899999985e+02
-5.963053061949999574e+02	4.620986095439999986e+02
-5.988467558610000196e+02	2.686948888069999839e+02
-5.986045571600000130e+02	1.888966747039999916e+02
-5.894853250800000524e+02	5.615696853939999755e+02
-5.998839211319999549e+02	2.023027286889999914e+02
-5.974995615359999874e+02	3.076446590259999994e+02
-5.876370885569999700e+02	4.490330677169999944e+02
-5.899459095900000420e+02	4.291226252640000212e+02
-6.008622434530000191e+02	1.456661912350000136e+02
-5.975490321180000137e+02	2.632889292849999947e+02
-5.894466397249999545e+02	4.631220019610000236e+02
-5.994207672750000029e+02	2.811691890960000251e+02
-6.015120310739999923e+02	2.528513618540000039e+02
-5.942956477709999490e+02	4.519924705569999901e+02
-6.032357745260000002e+02	1.473666825480000000e+02
-5.916162669389999564e+02	5.535041647409999541e+02
-6.016004901159999463e+02	1.557333799239999905e+02
-6.031790621070000498e+02	1.764949923679999984e+02
-5.997726395539999658e+02	2.671693631480000022e+02
-6.050300396899999669e+02	1.241458569610000069e+02
-5.897921278730000267e+02	5.193795743949999633e+02
-5.975206010169999900e+02	3.376475001030000271e+02
-6.053228771399999459e+02	5.443749478090000338e+01
-5.982800767149999501e+02	3.893073559079999768e+02
-5.996220519930000137e+02	2.629173528609999835e+02
-5.967301366499999631e+02	1.634999700589999918e+02
-5.919662314309999829e+02	3.632865128230000096e+02
-5.962277876870000455e+02	3.939829129159999752e+02
-5.978246530310000253e+02	4.016006247779999967e+02
-5.901238944469999979e+02	6.573341627680000556e+02
-5.938993916409999656e+02	5.202087700959999665e+02
-5.988358099030000403e+02	2.858164199770000096e+02
-6.005753384060000144e+02	2.390263447099999894e+02
-5.918301584150000281e+02	3.874440176190000216e+02
-5.983011286040000414e+02	1.561640433130000076e+02
-6.019849029990000417e+02	1.772096634719999884e+02
-5.984076929970000265e+02	2.067886834980000117e+02
-5.930468726120000156e+02	5.216623140010000270e+02
-6.035927390790000118e+02	1.620361668170000087e+02
-5.870707176519999848e+02	8.175660809690000406e+02
-5.948172489119999682e+02	4.274902423099999851e+02
-6.018277179519999436e+02	1.027794427999999982e+02
-6.034837622359999614e+02	1.018969854559999959e+02
-5.994046278560000474e+02	2.849013329030000250e+02
-5.953548743200000217e+02	3.153988753909999900e+02
-5.866220287139999527e+02	6.220982036770000150e+02
-5.914654394860000366e+02	2.928387412390000009e+02
-6.008012953590000507e+02	1.818448838589999923e+02
-5.900122316800000135e+02	5.220335488380000015e+02
-5.948963475890000154e+02	3.952382334229999969e+02
-5.961901205589999790e+02	2.967504335830000173e+02
-5.919570989300000292e+02	1.797207981459999928e+02
-6.007224064990000443e+02	1.350309790160000034e+02
-5.909053464209999902e+02	4.217427964760000236e+02
-5.961381916929999534e+02	3.917763914189999923e+02
-5.994149764920000507e+02	3.383787512179999908e+02
-5.997775522499999852e+02	1.885945666800000140e+02
-6.025092867209999667e+02	1.031524861879999975e+02
-5.944315356309999743e+02	3.318918944000000124e+02
-5.867674182759999439e+02	5.870059269460000451e+02
-5.933856058510000366e+02	2.543078135389999943e+02
-5.976828432920000296e+02	3.147219883839999852e+02
-5.958070149930000525e+02	3.607873001340000201e+02
-6.035554676509999581e+02	1.534148487049999972e+02
-6.020048237800000379e+02	2.356442209909999974e+02
-6.020633848039999521e+02	1.177461782809999988e+02
-5.932563257079999630e+02	4.983790126819999955e+02
-5.987131399500000271e+02	2.558374288079999985e+02
-5.933935463560000017e+02	3.614682733679999842e+02
-5.977444619489999695e+02	1.075833014490000039e+02
-5.747671309759999758e+02	4.738930335829999763e+02
-5.929935512370000197e+02	1.737628373269999997e+02
-5.916412817819999646e+02	3.140461645600000224e+02
-5.898003233050000063e+02	3.935697540830000207e+02
-5.997092806680000194e+02	1.565870978840000021e+02
-5.891750601210000013e+02	4.772853988620000223e+02
-5.935080406499999981e+02	2.876291370600000050e+02
-6.003642238370000541e+02	7.652384915780000085e+01
-5.944965967099999489e+02	2.305525726490000125e+02
-5.896850136990000237e+02	5.817259792520000019e+02
-5.953530379889999722e+02	3.637383538870000166e+02
-5.986732868120000148e+02	3.012847922380000227e+02
-6.002778528520000236e+02	2.423334248930000001e+02
-6.025459680940000453e+02	9.835566903309999987e+01
-5.935241048650000266e+02	4.523348860539999805e+02
-5.990411741000000347e+02	3.045154293319999965e+02
-5.926619619650000459e+02	5.168186496780000425e+02
-5.942723972359999607e+02	3.770239606779999804e+02
-5.896272638299999471e+02	5.035638657079999803e+02
-6.017002621030000000e+02	1.080149093389999990e+02
-6.007409402499999942e+02	2.355164270530000010e+02
-6.012890968660000226e+02	1.894444325540000023e+02
-5.951961737220000259e+02	2.508222192959999859e+02
-5.973393863469999587e+02	1.176683737190000016e+02
-5.966251505860000179e+02	3.637794911459999980e+02
-5.971059010789999775e+02	2.049000333280000063e+02
-5.877046122440000318e+02	3.506922441149999941e+02
-6.006831663440000284e+02	1.525942592499999932e+02
-6.041016944909999893e+02	6.823592330850000565e+01
-6.024793378609999763e+02	2.154823623629999929e+02
-5.998897524909999674e+02	3.280342956239999808e+02
-5.941016642050000200e+02	4.376553420920000121e+02
-5.958637992310000300e+02	3.133006648539999901e+02
-5.989735804859999462e+02	2.282739641839999933e+02
-6.019384886770000094e+02	1.004944467220000064e+02
-5.879983322650000446e+02	7.077983870650000426e+02
-6.031425411180000538e+02	5.509179692160000030e+01
-5.972251719480000247e+02	3.005414994789999810e+02
-6.034292218909999974e+02	1.624669674110000130e+02
-5.942003471650000392e+02	3.119723988389999931e+02
-5.977468483449999894e+02	2.009533279830000083e+02
-6.000302787939999689e+02	2.687182189100000187e+02
-6.001931919710000329e+02	3.039195486329999767e+02
-6.027702871559999949e+02	1.771511457979999875e+02
-6.029769301300000279e+02	1.999164653249999901e+02
-6.005648942520000446e+02	2.368236328689999937e+02
-5.841611014180000439e+02	4.480560312960000147e+02
-5.999643317410000236e+02	2.692884189709999987e+02
-5.976605555319999894e+02	3.807344573830000058e+02
-5.992345371979999982e+02	3.067731972509999991e+02
-6.018317613760000313e+02	1.063523937709999956e+02
-5.984818632520000392e+02	2.474572950060000096e+02
-6.003211314400000447e+02	2.518174965380000003e+02
-5.999539652720000049e+02	5.141159230190000073e+01
-5.926775669390000303e+02	5.837556909639999958e+02
-5.941882374460000165e+02	4.162965124950000018e+02
-5.989548666330000515e+02	2.235230500549999988e+02
-6.007385526110000455e+02	9.734929784050000023e+01
-5.949059298959999751e+02	4.810448573630000055e+02
-5.970002382979999993e+02	3.725722355490000268e+02
-6.039123184100000117e+02	7.177952201470000659e+01
-6.035544394610000154e+02	1.556602646599999957e+02
-5.864493478360000154e+02	6.542264110889999529e+02
-5.915261062470000297e+02	5.599273132130000477e+02
-5.944519728469999791e+02	4.923293656199999759e+02
-6.016699758309999879e+02	1.693765320180000060e+02
-5.960445019940000293e+02	4.546827821589999985e+02
-6.061858120059999919e+02	3.725423572830000296e+01
-5.955240592369999604e+02	2.884622241389999999e+02
-5.965445618769999783e+02	3.973132181149999838e+02
-5.981241794249999657e+02	3.209635567049999736e+02
-5.840507099479999624e+02	8.312745880510000234e+02
-6.004140269939999826e+02	1.675148331960000121e+02
-5.982773412799999733e+02	2.108415251529999921e+02
-5.900576023549999718e+02	4.064949353320000114e+02
-5.840267540659999668e+02	5.326043769110000312e+02
-5.867641051120000384e+02	3.218878852299999949e+02
-5.787263690050000378e+02	3.476133912359999840e+02
-5.906146941990000414e+02	2.336475141040000096e+02
-5.969057533709999461e+02	2.953607424250000122e+02
-5.976902516730000343e+02	3.620814900190000003e+02
-6.007112944040000002e+02	2.257248598529999981e+02
-5.960518008239999972e+02	3.442593833450000034e+02
-5.955245692700000291e+02	2.984972764340000140e+02
-5.999722971050000524e+02	8.716166121530000055e+01
-6.031776333880000038e+02	1.616715032049999934e+02
-5.991372940820000395e+02	2.756359510739999905e+02
-5.875107127119999859e+02	6.973446599280000555e+02
-6.024445392520000269e+02	5.761613814889999929e+01
-5.949025661319999472e+02	3.892890936530000090e+02
-5.924717431010000155e+02	3.696969735079999850e+02
-6.033535339720000366e+02	1.690229096360000085e+02
-5.992351251569999704e+02	2.718691026849999730e+02
-6.037929286099999899e+02	1.522020656980000126e+02
-6.003840213949999907e+02	1.701577520520000064e+02
-5.998818026850000251e+02	3.150004776970000080e+02
-5.991615847260000010e+02	9.783447311109999589e+01
-5.913930544620000092e+02	3.131943030009999802e+02
-6.029785651400000006e+02	8.669646587530000659e+01
-5.927569656020000366e+02	5.431137128379999695e+02
-6.040335957060000283e+02	1.116377440419999942e+02
-5.966671943490000558e+02	2.282697364180000079e+02
-5.993292312390000234e+02	3.293484238419999883e+02
-5.999311524680000502e+02	2.719709952430000044e+02
-5.997328606439999703e+02	3.168328644889999737e+02
-6.045868131309999853e+02	1.192911514259999990e+02
-5.952310439740000447e+02	4.235026874640000187e+02
-6.008726732630000242e+02	2.300073432840000009e+02
-5.993288019880000093e+02	2.508912161609999885e+02
-6.019564314430000422e+02	2.321346866810000051e+02
-5.970022940960000142e+02	4.063552791330000105e+02
-5.988926013960000319e+02	3.122802515010000093e+02
-6.022866585420000547e+02	1.605887061859999960e+02
-6.048099305440000535e+02	7.812928891360000705e+01
-6.000701204319999533e+02	1.825211100530000010e+02
-5.918517283109999880e+02	4.817949207990000104e+02
-5.984196133789999976e+02	1.188467122379999950e+02
-5.829261369329999525e+02	4.093196384729999977e+02
-5.743943603919999532e+02	9.297858789870000464e+02
-5.821912869999999884e+02	8.683233332849999897e+02
-5.988802100870000231e+02	3.057112506550000148e+02
-6.041670326580000392e+02	1.499092189950000034e+02
-5.975725415800000064e+02	3.463932308120000130e+02
-6.059911027790000162e+02	6.992602581670000461e+01
-6.010021371389999558e+02	1.280123187000000087e+02
-5.960206240459999663e+02	1.812281020450000142e+02
-5.961810771220000333e+02	1.033103040069999992e+02
-5.906273544700000002e+02	4.077668716430000018e+02
-5.955328841689999990e+02	1.468740949539999860e+02
-5.994536588659999552e+02	2.863397185730000274e+02
-5.934843023329999596e+02	5.860155587159999868e+02
-5.967105239899999560e+02	3.907874841749999746e+02
-6.003732547409999825e+02	1.139358189839999937e+02
-5.990562645779999684e+02	2.397366444239999907e+02
-6.028709561560000338e+02	1.072707424879999962e+02
-6.037237226089999922e+02	1.182230928360000064e+02
-6.005591338320000432e+02	2.853157966140000212e+02
-6.000173049840000203e+02	2.416828359739999996e+02
-5.973591261970000232e+02	3.533276936479999790e+02
-5.993362897230000499e+02	1.610946045910000066e+02
-5.894669967879999604e+02	6.772142304630000353e+02
-5.987798260009999467e+02	3.155572308199999725e+02
-5.924769641699999738e+02	5.330342594520000148e+02
-6.007025131919999694e+02	2.563564680019999855e+02
-6.018462435269999560e+02	2.070744270170000050e+02
-6.038717251819999774e+02	1.192176575360000044e+02
-5.915079704050000373e+02	5.946174421360000224e+02
-6.013406525030000012e+02	2.076968194220000044e+02
-5.972563663209999731e+02	2.007672120860000007e+02
-5.954886435690000326e+02	4.478088531569999873e+02
-5.998433240159999968e+02	3.020740795039999966e+02
-6.011089475100000072e+02	2.057547523480000109e+02
-5.960551362579999477e+02	3.508221353470000281e+02
-6.044795805590000555e+02	6.823615533679999601e+01
-6.053041358230000242e+02	9.155999876280000649e+01
-5.987857097370000474e+02	3.163051878570000213e+02
-6.031281701269999758e+02	1.822342745100000059e+02
-5.959675818120000486e+02	4.735308069760000080e+02
-5.916940624390000494e+02	6.441733916770000405e+02
-6.045656325370000559e+02	1.033586365889999996e+02
-5.947687843300000168e+02	5.077853126140000199e+02
-6.034029103049999776e+02	1.201695778929999960e+02
-6.007834145399999670e+02	2.487892575250000107e+02
-5.986178834300000062e+02	3.281378547209999965e+02
-5.860026266480000459e+02	5.900118068120000316e+02
-5.943417325100000426e+02	4.578228125100000057e+02
-5.991480925690000277e+02	3.183529722449999895e+02
-5.896440592169999491e+02	5.088899994459999903e+02
-5.982359064160000344e+02	3.200811675240000227e+02
-6.003006216750000021e+02	2.893423702900000194e+02
-5.957381091339999557e+02	3.653271275980000041e+02
-6.021112402469999552e+02	1.526048505050000017e+02
-6.003022263340000109e+02	1.308929643460000136e+02
-6.020137106370000311e+02	1.162993297189999993e+02
-5.922059236860000055e+02	3.780223146499999984e+02
-5.985057008879999785e+02	2.375923889260000124e+02
-5.905431759340000326e+02	1.749705295539999952e+02
-5.958468674120000514e+02	4.116912393279999947e+02
-6.012441796179999756e+02	2.244300666309999883e+02
-6.041968083179999667e+02	1.104294435559999954e+02
-5.971287444680000362e+02	2.883883755260000044e+02
-5.966411169790000031e+02	4.216677724979999766e+02
-5.963051343719999977e+02	4.545048582030000262e+02
-6.010927676889999702e+02	2.736634526860000278e+02
-5.988589040110000496e+02	3.556745993870000007e+02
-5.964043173779999734e+02	4.706065172969999821e+02
-5.953657342669999935e+02	4.767849422360000062e+02
-6.012900419730000294e+02	2.429087438390000102e+02
-5.917331888799999433e+02	5.340787887620000447e+02
-5.948161588640000446e+02	2.704516966080000202e+02
-5.969145639130000518e+02	3.458753904710000029e+02
-5.999171115579999878e+02	2.733819436119999864e+02
-5.991045971710000231e+02	2.191767605139999944e+02
-5.933276013150000381e+02	3.797363455170000179e+02
-5.933641929269999764e+02	1.521977452410000069e+02
-5.939285415529999455e+02	4.033045456840000043e+02
-5.987729615519999697e+02	2.588367791819999866e+02
-6.021949865080000563e+02	1.451740743699999996e+02
-6.050336280010000110e+02	8.633039733920000458e+01
-5.941000564510000004e+02	5.411982534630000146e+02
-5.993435396400000172e+02	2.165641449899999884e+02
-5.953848776209999869e+02	8.316325726620000580e+01
-5.911005306119999432e+02	1.078106483029999936e+02
-5.778845081120000486e+02	8.565642736050000394e+02
-5.977254040450000048e+02	2.771462237559999835e+02
-5.935903009480000492e+02	5.733680318389999684e+02
-5.958117353479999565e+02	4.808053043180000259e+02
-6.000215685470000153e+02	2.332095766870000091e+02
-5.915419123469999931e+02	4.756718912360000218e+02
-5.986900479180000048e+02	1.898128018820000023e+02
-5.994403188589999445e+02	2.586857909039999868e+02
-5.958437601299999642e+02	3.512209374590000266e+02
-6.012761561390000224e+02	9.263816348999999661e+01
-5.987910965190000070e+02	1.744875135800000123e+02
-5.982523045640000419e+02	3.529019391730000166e+02
-6.041378560629999583e+02	1.408291264579999904e+02
-6.033108961450000152e+02	1.859382819420000033e+02
-6.006687706569999818e+02	2.704490754600000173e+02
-6.005611612750000177e+02	2.668398374480000257e+02
-5.974664910779999900e+02	2.811104225799999767e+02
-5.985639039000000139e+02	1.404939647960000002e+02
-5.986679687199999762e+02	2.410266458419999935e+02
-5.919305137039999636e+02	2.782101245459999745e+02
-6.008742697120000003e+02	1.020158174970000005e+02
-5.960663993980000441e+02	1.779844635860000039e+02
-5.960603532620000351e+02	3.464033100419999869e+02
-6.005155937759999460e+02	2.627726861649999819e+02
-5.939803411379999716e+02	5.053896955719999937e+02
-6.021403430350000008e+02	1.762766491220000091e+02
-6.027451730169999564e+02	1.439241178629999922e+02
-5.977656019629999946e+02	2.403325930409999955e+02
-5.995934791439999572e+02	8.403011245759999781e+01
-6.014720948299999463e+02	1.254609251680000028e+02
-5.837177944139999681e+02	9.153052576930000441e+02
-6.007111843310000268e+02	2.739214096889999723e+02
-5.946491827749999857e+02	2.732690140529999780e+02
-5.931758600690000094e+02	4.662762614590000112e+02
-6.024788255920000211e+02	2.000042344370000080e+02
-5.960457158169999730e+02	4.516013499950000210e+02
-5.944904038600000149e+02	4.264516374809999775e+02
-5.965109618440000077e+02	1.432006430570000077e+02
-5.912694529420000435e+02	4.496606819009999754e+02
-6.013096048710000332e+02	1.872906019780000122e+02
-5.970191665109999803e+02	2.729140025219999757e+02
-6.009408575459999611e+02	1.661697796480000022e+02
-6.059472101200000225e+02	3.279764743549999650e+01
-6.024773090920000413e+02	2.028179847300000063e+02
-5.975004204680000157e+02	3.171868790940000054e+02
-6.008219567410000082e+02	1.254693357160000033e+02
-5.981486514419999594e+02	3.020970268550000242e+02
-5.993281619010000441e+02	1.618409156639999935e+02
-5.999900043180000466e+02	2.762762026340000148e+02
-6.045613761820000036e+02	1.000269180810000051e+02
-5.985800725699999703e+02	3.138732493360000149e+02
-6.060582082500000070e+02	7.024068829629999300e+01
-5.878336437359999991e+02	6.734524559550000049e+02
-5.997704366039999968e+02	1.774046578530000033e+02
-6.000636006779999434e+02	1.306052810319999935e+02
-5.961437974780000104e+02	3.258159262049999825e+02
-6.000191209329999538e+02	7.489950363469999672e+01
-5.997560824680000451e+02	2.739554115880000040e+02
-5.897148580330000414e+02	1.224137564830000002e+02
-5.981653747540000268e+02	3.830359504450000259e+02
-5.971266218529999605e+02	3.479202955889999771e+02
-5.984091284300000098e+02	3.178506747929999960e+02
-5.961854561799999601e+02	2.918144170630000076e+02
-5.965819145379999782e+02	3.135948154710000040e+02
-5.944096752110000352e+02	3.910382117440000229e+02
-5.983906083079999689e+02	3.511462666759999820e+02
-5.957202575380000553e+02	4.668351921529999800e+02
