4.868229863102193633e+00
4.692027386961845181e+00
4.707986193692584642e+00
4.741090697297405399e+00
4.534318250850947862e+00
4.470008612967093953e+00
4.440063175226226733e+00
4.497965095462613583e+00
4.364772388109143364e+00
3.563730068341316226e+00
3.090177988401316078e+00
2.714383171182727761e+00
2.764289058691221435e+00
2.654661748697938695e+00
2.748608738980504729e+00
2.717800765324787093e+00
2.727591061724612409e+00
2.687850814312431336e+00
2.715699725669243225e+00
2.709765488008140988e+00
2.699282126788528746e+00
2.695473242308296324e+00
2.769960649539989106e+00
2.743365998185440802e+00
2.782215843531913535e+00
2.751867729379448235e+00
2.828923646901768230e+00
2.768429699306088398e+00
2.818753270508080000e+00
2.771889427809125284e+00
2.783242174155889259e+00
2.742912867737508087e+00
2.766287945966579898e+00
2.735539069360918507e+00
2.741328327654314112e+00
2.812843756770006198e+00
2.762100287824466260e+00
2.794916993400698768e+00
2.826925361589867070e+00
2.875906118078265461e+00
2.772816979174788976e+00
2.836388548841642265e+00
2.863826286631226736e+00
2.893942121052180738e+00
2.749968908915153332e+00
2.849602252946891401e+00
2.771542891603880676e+00
2.753871093569922657e+00
2.782192840189190886e+00
2.812041784895807695e+00
2.748215784832042985e+00
2.861328013353240163e+00
2.839932745682545168e+00
2.798003752677970191e+00
2.802742228603979147e+00
2.903455527470672148e+00
2.783588511256647191e+00
2.915953703336182201e+00
2.896739201239904471e+00
2.782109092037909459e+00
2.715861741694521658e+00
2.693141288532779676e+00
2.799557822228360138e+00
2.872490556990571431e+00
2.769104909533042669e+00
2.720970598885625868e+00
2.815220595264250836e+00
2.813121042543317518e+00
2.751653502896031611e+00
2.741624700793308556e+00
2.808747229638152820e+00
2.734467955562836394e+00
2.743803746626205520e+00
2.769601054303670207e+00
2.676522183730222437e+00
2.845003690683019393e+00
2.742871852639127361e+00
2.753465089664294485e+00
2.775980187249181164e+00
2.807055752919774605e+00
2.780912080595141944e+00
2.774082010323414949e+00
2.806792475406758580e+00
2.721858372509488255e+00
2.873972859997115492e+00
2.892518625696297807e+00
2.929260145497493806e+00
2.738956188039523454e+00
2.690105202403802132e+00
2.907885142160879788e+00
2.776383979207486696e+00
2.845541951895982802e+00
2.894540723500016455e+00
2.783071145335670238e+00
2.808819146901416541e+00
2.689326495611866097e+00
2.716179117805009646e+00
2.822571522565902935e+00
2.843190813153418706e+00
2.974784866170997244e+00
2.854647613979701237e+00
2.853640481910782345e+00
2.715319134098236997e+00
2.753740365393948952e+00
2.764614439664236478e+00
2.792607025701969281e+00
2.778660468643119330e+00
2.756053700492789638e+00
2.862910057965495803e+00
2.867779280209688864e+00
2.888352125347600108e+00
3.031872523705441580e+00
2.877437922875140330e+00
2.933409108869746262e+00
2.736171412759075938e+00
2.932597142466042861e+00
2.824133318382827440e+00
2.921766246639179609e+00
2.869969337815301724e+00
2.860312220719968490e+00
2.686158781606180490e+00
2.845767559025156768e+00
2.914983704928725938e+00
2.751670583481968801e+00
2.709150420334759168e+00
2.991968582722753123e+00
2.789257607321346200e+00
6.099656547708240062e+00
2.751658772449810719e+00
2.698111932444612560e+00
2.938126954370760213e+00
2.903712623521825353e+00
5.994894994910253239e+00
2.770195841452369745e+00
2.785931980504908534e+00
2.928176394959839168e+00
2.829016260115872594e+00
2.906498408738597661e+00
6.153611053682219278e+00
2.822795422980560076e+00
2.845812537747347992e+00
2.786287135239295498e+00
2.882584604135670858e+00
2.843118886012331537e+00
2.744256729972617048e+00
2.894828146885407349e+00
2.815460530712515563e+00
2.824675202567544563e+00
2.749397934093935625e+00
2.732091689530203205e+00
2.786829919460461102e+00
2.929885492643015343e+00
2.857978831272198317e+00
2.955592326421219607e+00
2.910940913175669831e+00
2.809689128711573058e+00
2.769747461412321421e+00
2.768901226118404058e+00
2.749278268928047275e+00
2.772477051302679740e+00
2.738068479786435194e+00
2.917813564983205321e+00
2.880291825492687696e+00
2.729696320105956087e+00
2.806571395849391859e+00
2.846823317313528001e+00
2.853431793472554823e+00
2.863393266737910725e+00
2.800438715630106046e+00
2.877481363970929351e+00
2.744415420449316745e+00
5.956629499977315056e+00
2.803983238180999038e+00
2.854506262035520603e+00
2.869891461362258589e+00
2.897374156024727476e+00
6.201141427189030608e+00
2.767070111146444855e+00
2.709194160631533510e+00
2.719109045257288138e+00
6.206526323153717328e+00
6.171975210578862558e+00
5.962792802034964978e+00
2.873683524676995837e+00
2.779398136287782872e+00
5.913051411919229672e+00
2.810899678039044058e+00
2.799878747374607624e+00
2.807049696745677281e+00
2.891725090668197939e+00
2.734043708502114978e+00
2.764484400390061936e+00
2.813536919963908645e+00
6.276636121363099008e+00
6.099557197043076862e+00
6.166402030357735597e+00
6.208974230901590730e+00
6.201737982211115607e+00
6.149995853657138412e+00
2.760403050280882731e+00
2.674496401194063289e+00
2.786034637257764679e+00
2.839543801387820920e+00
2.898821312188800459e+00
2.790659599449564432e+00
2.721627454300092452e+00
2.792124818126868746e+00
2.828140732000442359e+00
2.825476950888115013e+00
2.911161452066854949e+00
2.809107687505055573e+00
2.790684145509842118e+00
2.821112369261458586e+00
2.810474870907050171e+00
2.887512077896817964e+00
2.762525113008025279e+00
2.891132995903162861e+00
2.744937704211154017e+00
2.786456172273305221e+00
2.734930529282234346e+00
6.148717915142960955e+00
2.819504034400377002e+00
2.847711537357672462e+00
2.728127746275823107e+00
6.231919607953876117e+00
6.159979301913278249e+00
6.184316696289089421e+00
2.731189118314585329e+00
2.781195606209675208e+00
2.715968335603343942e+00
2.915573528484576737e+00
2.773814882071260257e+00
2.755969158027716137e+00
2.949875590596999775e+00
2.760240025794858276e+00
6.033429041598152409e+00
2.991287682587550290e+00
5.815506340809887043e+00
5.800887518302695334e+00
5.993336633295346161e+00
6.237607714500808420e+00
6.209613675584012782e+00
6.088606162333050520e+00
5.977047766247146399e+00
2.884089804427039105e+00
2.795728527593479118e+00
2.925115040472767269e+00
2.818410544970339160e+00
2.748086789022501808e+00
2.804689287603887138e+00
2.868078450809879776e+00
6.054745659398089508e+00
2.824161114384233784e+00
2.815535828221690462e+00
2.816821790600178677e+00
2.792986215504831282e+00
2.804559323672794147e+00
2.811233359221535721e+00
2.847012996106621063e+00
2.834211883398981335e+00
2.892748692852526116e+00
2.779944064185464914e+00
2.776245126065060020e+00
2.760566065139539393e+00
2.905247149555438391e+00
2.737010230159909518e+00
2.759342856551175505e+00
2.918900135324947964e+00
2.740682031903737492e+00
2.825577640058754447e+00
2.746441515852831472e+00
2.881688914508295785e+00
2.848380943623938677e+00
2.747770186897004585e+00
2.877204893642438588e+00
2.852042250738933582e+00
2.953973764270765745e+00
2.766957354206963871e+00
2.787407756321274022e+00
2.853654849486882306e+00
2.760864176304223871e+00
2.741326321326959192e+00
2.758496692040793619e+00
2.825588965153990717e+00
6.098879077338720478e+00
6.009900581540430053e+00
2.929632229478642103e+00
6.111017754842477778e+00
6.294353263044583535e+00
2.917050050993297727e+00
2.797470643277601532e+00
2.747934497035910084e+00
2.903046158778740171e+00
2.751689117614851465e+00
2.877964732237002110e+00
2.818734645190994037e+00
2.887417877620072293e+00
2.866340698521374186e+00
2.787519327287256488e+00
2.758668881906634507e+00
2.722628325717633135e+00
2.750140723672154230e+00
2.729095271330776118e+00
2.937219092951699029e+00
6.119464192231212074e+00
6.076386261586733895e+00
5.797079350845561585e+00
2.739166479058912085e+00
2.743492117721499923e+00
2.927019815443687278e+00
2.826449893417536163e+00
2.745639998251773850e+00
2.746221039901923344e+00
2.787868899356638952e+00
2.762764014533271251e+00
2.887109454108036211e+00
2.932067870974340629e+00
2.885145923519293998e+00
2.854989492099752280e+00
2.842855606604035579e+00
2.788847073613036631e+00
2.870583738545176455e+00
2.842689923294484000e+00
2.720884598802381760e+00
2.774126709434880489e+00
2.778744140794542794e+00
2.716002577318364697e+00
2.926564026294316445e+00
2.789380934902939924e+00
2.748766086810589648e+00
2.836244171435175154e+00
2.745449689941522831e+00
2.778278063837383183e+00
2.851459450877743329e+00
2.823675618763599626e+00
2.827713033530806719e+00
2.823157629322174955e+00
2.796121063187357869e+00
2.752218377963492557e+00
2.901727933490664046e+00
2.924366085154182837e+00
5.976906725054357494e+00
2.746012745782509867e+00
2.694482325048727756e+00
5.886707823563184228e+00
2.773403144153406163e+00
2.916348058788593267e+00
2.818573043225951480e+00
2.905575846540577878e+00
6.103032770680491659e+00
6.096998359848885940e+00
2.857703623541111959e+00
6.124214235312151366e+00
2.906297988851108904e+00
6.193470190450584667e+00
2.732095166717293910e+00
6.200308218145289096e+00
2.782945921141839030e+00
2.781221494235941005e+00
2.729860069673901712e+00
2.874924868583525139e+00
2.823542101687170014e+00
2.884684211486588268e+00
2.790859724171030454e+00
5.969934756762421912e+00
5.849671956614319157e+00
5.817485797146392912e+00
5.949521073162107321e+00
2.808503338078842226e+00
2.913617854146285158e+00
2.905711100574178030e+00
2.786554144458707416e+00
2.812734612436800230e+00
2.899343891296787934e+00
6.053846876160645429e+00
2.815963955735229174e+00
2.858237393919546232e+00
2.868048465420345750e+00
2.750925662390752535e+00
2.796956917794766184e+00
2.821905207479514122e+00
2.752114278150527671e+00
2.775769442875254178e+00
6.210333404898645604e+00
2.869834490001121452e+00
2.798267499721926566e+00
6.084811993808847852e+00
2.765226392178405046e+00
5.932199592056896620e+00
6.132982716427627601e+00
2.779301710861920238e+00
2.936366802700235201e+00
2.878022063848711731e+00
6.243530892051389003e+00
2.802092075574962315e+00
2.832551146934508601e+00
2.759713572094032230e+00
2.765149905520494222e+00
2.853084295985662155e+00
2.846834206623209518e+00
2.742982865422240124e+00
2.771802842916501586e+00
2.890813380348167705e+00
2.803687215079456951e+00
2.810392499278347778e+00
2.929320911064542621e+00
2.820488255603983418e+00
2.954520096394674500e+00
2.893871800892361623e+00
2.886440541566723361e+00
2.861045088774380574e+00
2.891258895360288683e+00
2.873377281179761322e+00
2.813369687758791482e+00
2.849128112247674594e+00
2.804057952325521796e+00
2.836242937408571585e+00
2.786330202973079651e+00
2.869025792843278300e+00
2.765181006733556046e+00
2.801273995881159884e+00
2.955649674775411739e+00
2.745183600417283376e+00
2.792453580634779442e+00
2.717208125999920121e+00
2.771556602344610098e+00
2.721765970835847259e+00
2.771782458996376874e+00
2.891512234108650770e+00
2.853909774327142657e+00
2.687632787417209901e+00
2.737893715979493603e+00
2.816977635693971749e+00
2.768944022547223494e+00
2.802511016927498044e+00
2.804138726953429916e+00
2.846646096725056641e+00
2.855599061493051760e+00
2.754280668341554605e+00
2.744639138393242916e+00
2.823343585184062920e+00
2.756516098266070358e+00
2.826774840697433788e+00
2.785805808020365593e+00
2.772221131150976348e+00
2.751998546511243759e+00
2.890404988924562879e+00
2.776466459368814643e+00
2.783222772255213862e+00
2.784733559965836491e+00
2.813141304662813535e+00
2.872912111429794191e+00
2.818327163407399638e+00
2.785899854625072614e+00
2.745936270200020068e+00
6.010673672725878269e+00
5.856613526603919873e+00
5.782752112964898217e+00
5.669512942043611226e+00
5.849598362280952202e+00
5.980974000946668312e+00
6.175510748108208325e+00
6.092815605284636504e+00
6.149820891700830572e+00
6.277622718832344795e+00
2.781227426874688380e+00
6.186294529037556167e+00
2.844702796427071689e+00
2.760823790103236863e+00
2.849513116306011895e+00
2.799837316702526113e+00
2.872979811972231623e+00
2.836798547658962111e+00
2.809158770877858036e+00
2.854673886803885008e+00
6.113243165456450079e+00
2.854949911994954626e+00
2.852956010877139459e+00
2.842177510290305076e+00
2.743453480560587909e+00
2.750367429999126756e+00
2.728233311137446826e+00
2.857924246721736061e+00
2.800176780133711407e+00
2.771974927736540639e+00
2.839793830544746545e+00
2.859762752397478014e+00
2.789062387254899633e+00
2.807988247838654861e+00
2.857605291148517246e+00
2.810198035726308330e+00
2.916673619039333420e+00
2.730208783225195113e+00
2.849717178949517926e+00
2.903831606687963696e+00
2.847699071180099573e+00
2.854374011933265010e+00
2.833997529991866493e+00
2.866100486724078689e+00
2.776457815274707031e+00
2.809529853907945629e+00
2.891222232897361355e+00
2.907067422678738300e+00
2.804568415995587483e+00
2.823382014535050555e+00
2.930318924622369536e+00
2.883382388792717244e+00
2.823747155819727350e+00
2.774193396286567026e+00
2.809599793564913295e+00
2.885077122019444218e+00
2.835706261233698289e+00
6.142155403439415018e+00
6.037638031548429929e+00
6.210203297799517408e+00
2.864698413445994518e+00
2.708871905424839355e+00
2.719346612699454990e+00
6.194427576459346163e+00
6.142557203640842900e+00
6.070519417644589133e+00
2.869291898709505961e+00
2.753944443884080773e+00
2.818923553415380923e+00
5.995196827461130695e+00
2.743173709410324346e+00
2.738987221583919940e+00
2.722250539535257641e+00
2.749893088830909438e+00
2.662961697058370714e+00
2.813735062154928634e+00
2.786414362581416171e+00
2.776155255024473689e+00
2.733968726960862128e+00
2.832700654852185806e+00
2.759354634692684716e+00
2.819784566239059487e+00
2.777022506210563790e+00
2.859495584889055309e+00
2.900746628025274276e+00
2.906845197116626700e+00
2.741919583065849153e+00
2.729914650680493882e+00
2.774975495387301372e+00
2.796516404385999799e+00
2.800211599147464980e+00
2.881123739099034520e+00
2.749011822455479592e+00
2.800370868295840587e+00
2.894393546150902718e+00
2.935315485599461205e+00
2.809165356471562625e+00
2.808697384909951467e+00
2.806965087064675402e+00
2.742914872904370860e+00
2.878189882547710354e+00
2.767910041890812689e+00
2.891403984226348367e+00
2.772889828319906158e+00
2.752908280346440861e+00
2.822764248037727963e+00
2.691299686025322657e+00
2.751532118656804027e+00
2.918038724897255243e+00
2.943660476345735244e+00
2.956360431341212625e+00
2.820167016330770604e+00
2.760825057840500030e+00
2.748085515408863699e+00
2.815166247311160053e+00
2.910326957577103801e+00
2.843209629978063813e+00
2.798173868793717656e+00
2.863120849702296411e+00
2.879545797517379491e+00
2.795040429045705377e+00
2.769550143976454493e+00
2.773917987251965922e+00
2.758573906930898101e+00
2.855564917840250683e+00
2.931485289064231115e+00
2.828210211423472398e+00
2.960289512868631956e+00
5.517115913228576751e+00
5.718916942918476742e+00
5.860423704818620294e+00
2.915472517448929768e+00
2.747298491245536045e+00
2.791376900384467508e+00
2.847526119283193324e+00
2.761114811086275544e+00
2.819458813318612922e+00
2.907334862034300027e+00
2.855804089919334210e+00
2.753083543955758827e+00
2.775212784634720542e+00
2.870696257008045205e+00
2.864263256057305362e+00
2.929312205962348425e+00
2.788007711610568595e+00
2.695845136501724415e+00
2.890235630532569822e+00
2.887458397968704737e+00
2.925178456094601920e+00
2.739886858977939710e+00
2.802536886465546662e+00
2.840759405511138702e+00
2.806020313540156685e+00
2.835879757676619484e+00
2.767719097018336960e+00
5.986760559768529610e+00
6.052901618232366943e+00
2.887678133033527494e+00
6.072562144597617007e+00
2.748056949919342351e+00
2.872937172999089572e+00
6.179619486667443873e+00
6.079374063174596721e+00
6.252292379599661665e+00
2.778951420949995921e+00
6.125148896149382516e+00
6.251238357317692618e+00
6.229025365175518303e+00
2.968791168135610281e+00
2.759665197084603339e+00
2.853780650295323795e+00
2.808336518296907780e+00
2.815762063811500848e+00
2.948816881394977329e+00
2.824500840856663864e+00
2.882334817470031840e+00
2.817438730478446729e+00
2.772844387988623094e+00
2.830439895139976070e+00
2.879504992181816103e+00
2.747276105527072687e+00
2.688234178787257456e+00
2.722022226213445251e+00
2.857440288090024261e+00
2.821704626639719660e+00
2.748900325584759941e+00
6.177278122280070782e+00
2.752620569566390785e+00
2.827076758773980902e+00
2.850510305190984806e+00
2.762884181430702135e+00
2.739257928709890599e+00
2.889038767479592096e+00
2.755614450535488036e+00
2.736932224224779997e+00
2.874507610009060077e+00
2.812740656370579906e+00
2.717736742217685908e+00
2.779017992025240691e+00
2.819150403933780691e+00
2.802158810631546260e+00
2.880014409686173504e+00
2.742905576209286433e+00
2.875473873990163742e+00
2.734382745703314743e+00
2.747217865404926407e+00
2.897202443737751487e+00
2.798560165513687803e+00
2.907703561231783862e+00
2.722050881229078012e+00
2.823780798858154917e+00
2.836770170457945106e+00
2.746952857258384118e+00
6.096071193809993183e+00
6.003599003930892408e+00
5.834519003311240404e+00
6.007164139591990804e+00
5.922455065257988593e+00
5.952866956349688543e+00
6.170037601182022158e+00
2.749506501174347139e+00
6.219523293629504401e+00
6.138609370207555038e+00
2.788679615875584883e+00
2.762625924731757721e+00
2.829012195095665927e+00
2.770822621533179042e+00
2.685325492375179479e+00
2.880288527213897165e+00
2.859546117830590539e+00
6.096458890208315218e+00
2.751966206187859587e+00
2.864100033169233228e+00
2.940434831789338954e+00
2.831777533635013722e+00
2.757581005156512610e+00
2.770532620273581603e+00
6.236237727989529134e+00
2.801976088406180398e+00
2.817773766646286315e+00
2.704696840682888848e+00
2.778870453979457977e+00
2.936559551584132066e+00
6.158844047384216758e+00
6.116721834446945394e+00
2.819108724402093813e+00
6.100960662059705442e+00
6.111117328279665806e+00
6.100697910895113374e+00
6.123456376916553090e+00
2.771930013546518357e+00
2.836248578668661313e+00
2.898359190990654533e+00
6.096521057127580967e+00
2.885597511781571978e+00
6.080428685545123280e+00
2.845716957112916834e+00
2.748389346508241626e+00
2.703003329631689322e+00
2.890427995989521381e+00
2.817290542347380633e+00
2.805149906867723697e+00
2.825256094586825473e+00
2.876292926667936012e+00
2.742720364893220797e+00
2.833586067159421962e+00
2.866570250316569535e+00
2.822565145395230957e+00
6.209034546529758281e+00
2.749934908320559313e+00
2.789456219409080173e+00
6.228487938496789944e+00
2.952328064426444687e+00
2.867169510161546864e+00
2.804266214181528216e+00
2.837213069193077253e+00
2.771158782892094941e+00
2.753848398151212518e+00
2.905906399043162835e+00
2.779514705843449729e+00
2.685381909524230171e+00
2.747986899532091964e+00
2.920227730845661895e+00
2.813724400150092730e+00
2.725280902952941453e+00
2.863604372115673424e+00
2.829516919899932592e+00
2.747411327049519070e+00
2.810918177393287198e+00
2.699358812755354275e+00
2.832280529891063381e+00
2.843893282104657416e+00
2.790322382808122725e+00
2.857664955868690182e+00
2.864343903933324498e+00
2.795618893912401592e+00
2.790682533001559218e+00
2.751979651087558487e+00
6.137883104132890288e+00
2.818990244750768426e+00
2.873566947192983445e+00
2.744633126667387568e+00
2.753619617884794035e+00
2.862073549020011320e+00
2.734991590480672752e+00
2.760722550348006621e+00
2.843398494759395767e+00
2.852503987727273760e+00
2.773652826148218065e+00
5.841617840975220410e+00
6.030621609751353418e+00
6.025422889723176745e+00
6.017365785790324217e+00
6.131827949314951454e+00
6.046351213748669018e+00
2.736678643903956321e+00
6.041227524270211369e+00
2.797522654063770098e+00
2.782481985566124028e+00
2.896543284675718422e+00
2.869736747508384589e+00
2.895075819387119331e+00
2.859108952103784240e+00
2.876056153832883489e+00
2.744382262003600470e+00
2.884529424360236849e+00
2.948058004856756398e+00
6.075527137623533136e+00
2.890717557977603214e+00
2.855664721216410573e+00
2.736429242644508708e+00
2.868033995614417186e+00
2.834576687973003217e+00
2.755926160113873369e+00
2.876722614365173403e+00
2.856783680995115038e+00
2.762292526145628813e+00
2.780840340616483441e+00
2.892628562397875580e+00
2.868352488799101430e+00
2.790335822083069406e+00
2.887138895169402808e+00
2.805336343471135585e+00
2.840874865248379955e+00
2.748748624374371730e+00
2.837762675066398010e+00
2.727528185005610339e+00
2.884959791747538915e+00
2.866686065825834184e+00
2.884170244628426971e+00
2.712917617621294575e+00
2.840656614235518962e+00
2.754991651530000585e+00
2.910729118279473671e+00
2.896031940431596841e+00
2.900205509959596029e+00
2.736410970596339531e+00
5.978742008148536513e+00
5.936621766627885322e+00
2.833240018071184085e+00
2.872003655986530735e+00
2.752122817026885659e+00
6.166345514159905505e+00
2.734222558607839471e+00
2.881284782870308536e+00
2.721632965702759588e+00
2.840925729405821887e+00
2.763627507461886346e+00
2.854160822378445150e+00
2.767895590516376458e+00
2.746349941285705754e+00
2.809262536681112810e+00
2.722636406132849629e+00
2.744819301884916296e+00
2.784397600918374849e+00
2.763412021396737028e+00
2.959938681797310345e+00
2.975532557375234255e+00
2.929647760397143585e+00
2.894041810340687526e+00
2.895792464939432875e+00
2.854662501943094011e+00
2.860434057970922872e+00
2.886573401110736015e+00
2.801035522802236777e+00
2.853996671336531232e+00
2.851865705113057814e+00
2.875388843269723438e+00
2.883149146332877777e+00
2.840422679813693119e+00
2.778064074135080386e+00
2.821641543499102678e+00
2.720122239900258698e+00
5.996554594098181035e+00
5.773960599103530988e+00
5.742720696673311309e+00
5.871150994481405760e+00
5.825415607491022385e+00
2.936190218633663918e+00
2.834477729670847435e+00
2.858722966640873775e+00
2.860179365004928531e+00
2.784236699707838714e+00
2.818731807036632286e+00
2.793241486159046882e+00
2.761735324030889061e+00
2.837094640649127530e+00
2.744700712281760158e+00
2.782859859928271895e+00
2.883627229723009666e+00
2.813621509727276315e+00
2.834384060073722900e+00
2.892118427727329077e+00
2.864726164923970586e+00
2.774460848525349022e+00
2.826256534711596213e+00
2.699595895685130031e+00
2.898317787959077574e+00
2.831368043896801190e+00
2.830326836250541600e+00
2.830822142064032931e+00
2.731756577735286129e+00
2.754593436425782027e+00
2.922971091201553406e+00
2.872202116843451059e+00
6.130357330531394311e+00
6.204017891656985917e+00
2.728358114324437089e+00
2.739723526197488823e+00
6.126568044182648443e+00
6.013222929511261583e+00
2.903011884233338780e+00
6.002908961495251994e+00
2.805289646364524714e+00
2.914169864644132968e+00
2.885475870632086881e+00
2.784530121941582337e+00
2.924195615891658662e+00
2.922150749020317129e+00
2.859502404265469089e+00
2.782511635195798583e+00
6.206252411882712927e+00
2.757319350383629075e+00
6.230252242084585390e+00
6.220409391671901211e+00
6.265295364146849622e+00
6.239952644051075303e+00
2.741070776174888035e+00
2.846822263507154727e+00
2.873395552303928735e+00
2.782036843753152411e+00
2.846454109940998567e+00
2.809056247211863866e+00
2.860417626851016415e+00
2.789935662340621292e+00
2.839640998436246289e+00
2.727283996946412881e+00
2.770250891164914631e+00
2.920967990238852785e+00
2.712931624645192219e+00
2.928684687705386924e+00
2.904006198340492784e+00
2.931178090802399883e+00
6.033340368320023295e+00
6.193530576335278148e+00
5.993898063864616432e+00
6.056749623354098055e+00
6.011161368654147630e+00
6.102119877550751248e+00
2.900870386625365782e+00
2.826652437071102586e+00
2.821599191947715468e+00
6.034137386569847550e+00
6.020534610813228937e+00
6.052755653419358062e+00
6.112802794136254825e+00
2.788186148735410264e+00
2.902665326902155840e+00
2.861455224182268609e+00
6.098684612275010686e+00
2.814190292073369903e+00
6.175403954398448469e+00
5.950358896738918268e+00
6.076472743294418777e+00
5.979868225972876594e+00
6.139209965459724749e+00
2.795037030166148018e+00
6.283998567791052814e+00
6.172774416743252779e+00
2.856210776535933249e+00
6.246647180688213119e+00
6.093946914767144563e+00
6.047544460357443086e+00
2.825681864612504590e+00
2.833296489956531161e+00
2.776943283540375340e+00
5.952498719025481222e+00
2.852127977493296385e+00
6.163387704825974645e+00
2.708580809206178941e+00
2.896348218015230458e+00
2.809966725781641639e+00
2.740750809541064648e+00
6.171381044790541281e+00
2.949014072533395314e+00
2.928645249940661888e+00
2.763585714248791181e+00
2.791137939980752769e+00
2.757666767395944518e+00
2.780278583163925177e+00
2.840515094133456486e+00
2.731534001252776012e+00
2.838177584295951128e+00
2.740884163914995231e+00
2.806625910234564980e+00
2.722454223673926421e+00
2.823960516721153002e+00
2.923299847774771365e+00
2.959377299365527403e+00
2.849598217293097591e+00
2.788326738386303294e+00
2.875282594806987113e+00
2.782113944467408118e+00
2.719212753721194087e+00
2.782694018392967372e+00
2.813209021740119109e+00
2.864299914464265573e+00
2.938984008122534686e+00
6.027801672251667853e+00
6.041541607901082855e+00
5.978836425258680087e+00
5.891549286902383997e+00
6.041795262999235305e+00
2.852639830052157599e+00
2.860894265784738710e+00
2.802226257817166388e+00
2.774848464330980313e+00
2.793966893146731856e+00
2.737413377624943411e+00
2.788878806976021973e+00
2.889636309295687155e+00
2.890779306692227824e+00
2.906681613111418816e+00
2.745909685331984651e+00
2.725059081928316473e+00
2.794438405118281121e+00
2.770139527171871840e+00
2.758991482408019724e+00
2.771871028745745758e+00
2.806671516227005281e+00
2.821063097486477655e+00
2.783945042561005945e+00
2.824380463039637856e+00
2.794183959584622290e+00
2.778649672052956543e+00
2.741110176552558730e+00
2.784323257094979631e+00
2.861847480212738937e+00
2.862230948054332202e+00
2.766838448482310753e+00
2.780994786043295974e+00
2.946480951915352531e+00
2.737674378007727949e+00
2.729948168006125719e+00
2.963706800613043146e+00
2.891729586251107875e+00
2.752063044336012343e+00
2.927461186762344347e+00
2.881508285603218145e+00
2.784004489938908478e+00
2.772291651323864237e+00
2.869899998257778861e+00
2.782709830363201853e+00
2.857872285459936545e+00
2.788345925454731145e+00
2.884718530463587172e+00
2.793471854162844270e+00
2.886330888862189692e+00
2.945226816392924274e+00
2.864288742428039658e+00
2.740049087151542384e+00
2.716971291714360248e+00
2.716490750950571353e+00
2.939057842234480411e+00
2.735743226254978566e+00
2.831717676605491008e+00
2.902268939984714802e+00
2.895297912132704710e+00
2.694331828116203198e+00
2.752448727951167573e+00
2.855206822631243480e+00
2.756512470496007339e+00
2.849245514166864890e+00
2.865987613371697940e+00
2.757036271070803402e+00
2.829245305730840432e+00
2.886167181574899931e+00
2.772075576170317746e+00
2.877337137007062395e+00
2.733570558811314388e+00
2.810799352497434622e+00
2.736417000385722886e+00
2.792303350282701491e+00
2.766738513123349286e+00
2.748391165754976662e+00
2.796797275456338827e+00
6.157890710300078396e+00
2.922107629776836024e+00
2.881757449890604228e+00
6.142212386428850479e+00
2.771435007356297664e+00
2.759111088738545270e+00
2.849079500470283577e+00
2.901860437719222752e+00
2.911956902153601145e+00
2.741541537164812414e+00
2.764437555814925673e+00
2.876813167378097003e+00
2.778971392440015897e+00
2.790717828803191747e+00
2.884717317173382867e+00
6.219255582463226517e+00
6.181303907752796256e+00
6.097895128648901597e+00
2.880266827917163930e+00
6.167400181600023679e+00
2.884743489463144961e+00
2.900261539930494070e+00
2.838992426900783350e+00
2.890349632829910309e+00
2.834539997953812840e+00
2.729183211145781662e+00
2.726240635013718272e+00
2.713787390345824058e+00
2.802302089354393733e+00
2.750430693546012773e+00
2.847087283523285883e+00
2.821970588082022946e+00
2.720344279682260780e+00
2.727469706522879012e+00
2.824777159352574341e+00
2.792614008415771121e+00
2.940858888148154549e+00
2.900820918291923789e+00
2.808655728279989994e+00
2.900951223305900051e+00
2.866325522336916620e+00
2.918233883704320242e+00
2.792510519228172949e+00
2.799635333396119030e+00
2.909807897439279589e+00
2.888813770390884716e+00
2.912902332725901822e+00
2.763318476035652616e+00
2.736886369581316369e+00
2.785796474978026627e+00
2.779199525043137164e+00
2.804259082181958185e+00
2.795408556901834984e+00
2.820218076674213759e+00
2.783726638878178061e+00
2.777638565400473603e+00
2.762239308966548901e+00
2.776788612768353648e+00
2.753064111131449998e+00
2.881708347491120037e+00
2.836099434081958304e+00
2.736121342338456941e+00
2.924559966901003616e+00
2.883431636089192285e+00
2.910847814640950659e+00
2.759039506784924711e+00
2.892682146382488106e+00
2.885459408829034622e+00
2.797867223440025253e+00
2.853966537995846764e+00
2.870878611157218430e+00
2.780336310592659288e+00
2.754564938424940657e+00
2.743430152199978878e+00
2.748875042631076404e+00
2.772460459591804316e+00
2.783382474616092228e+00
2.852107291109504672e+00
2.893849512327826279e+00
2.837133412442919056e+00
2.785320627863155707e+00
2.874363581734224571e+00
2.813131173621308267e+00
2.769494719258370541e+00
2.887042950840877253e+00
2.917145693996102018e+00
2.879821175003753453e+00
2.971136819468265244e+00
2.864739604222345193e+00
2.870933994364900155e+00
2.820232969100247900e+00
2.796542329377476044e+00
2.749783627851471568e+00
2.801148692947234231e+00
2.937183344634787918e+00
2.769272287081932848e+00
2.725157793596547418e+00
2.847916606925139593e+00
2.879171582243753580e+00
2.802077978929209401e+00
2.722007163840682864e+00
2.871839828402690920e+00
2.756627649864957341e+00
2.845720471163673881e+00
2.872834314749112217e+00
2.869243280030468579e+00
2.773018030954720992e+00
2.847942064017455088e+00
2.913126327504524937e+00
2.827610652123095480e+00
2.837127596707627930e+00
2.803684183355892756e+00
2.784057470671178702e+00
2.729907324434292626e+00
2.904930980247207195e+00
2.895016925684545939e+00
2.771727439702540874e+00
2.866132237005124761e+00
2.743328452810563700e+00
2.923197051175305816e+00
2.772321229583614155e+00
2.770325071178470377e+00
2.929241881443046758e+00
2.923728612576755204e+00
2.887379954214547073e+00
2.796544474883244646e+00
2.747220413436096909e+00
2.782384049695512562e+00
2.798862268851399104e+00
2.924220237943783829e+00
2.914166433133152712e+00
2.825647890307636523e+00
2.910759007544252430e+00
2.785300881412993590e+00
2.903857090147516029e+00
2.747167632307864871e+00
2.817395605874333242e+00
2.770207573450047533e+00
2.914289964982894610e+00
2.787168635012958973e+00
2.764001808971911611e+00
2.877827131708921460e+00
2.879412787357867209e+00
2.848957879646520475e+00
2.807624974956591135e+00
2.835172305169475937e+00
2.916115566982900198e+00
2.864244053847366800e+00
2.917291552107879049e+00
2.913104872811825174e+00
2.847316807101029745e+00
2.863630737368210166e+00
2.821178654392521690e+00
2.864559302929509776e+00
2.797793773672391016e+00
2.744492302776599058e+00
2.733534890942495466e+00
2.773251340935400933e+00
2.913583017523269980e+00
2.889535602826170280e+00
2.749018915904363425e+00
2.810470423256576478e+00
2.798803137056981249e+00
2.765824289429825722e+00
2.844647957129317728e+00
2.929258609273001746e+00
2.936478162697621741e+00
2.815216687930078177e+00
2.710209032528671624e+00
2.741798497337103679e+00
2.821876148947717322e+00
2.870735968353760104e+00
2.905031153017123557e+00
2.960656346150292606e+00
2.837527797220672277e+00
2.809020647841521168e+00
2.818414093067234560e+00
2.901192168747185551e+00
2.858026766844565802e+00
2.824843535490063395e+00
2.750064726510996316e+00
2.887622378359053776e+00
2.813852874618713695e+00
2.739949817058699111e+00
2.791201354255905098e+00
2.806175511260833311e+00
2.752061409198566899e+00
2.854721352426537795e+00
2.777106587799611503e+00
2.792696546350856401e+00
2.864393478557022643e+00
2.837391231395487434e+00
2.786009870764997842e+00
2.866282261048272773e+00
2.774354339301308592e+00
2.842830631606462877e+00
2.795069587684714474e+00
2.877311418668476506e+00
2.888775692226726033e+00
2.899463743522239678e+00
2.751544293664923480e+00
2.888452526873169557e+00
2.834246284287941453e+00
2.760057970405694672e+00
2.816636469266135201e+00
2.750423421947973512e+00
2.873456803224993195e+00
2.837749108007965315e+00
2.819455798554040271e+00
2.736533208276485940e+00
2.852777769122579521e+00
2.846828586339542611e+00
2.728469534372703897e+00
2.825541187100269358e+00
2.849276048402471062e+00
2.798856373592614410e+00
2.768771207593722306e+00
2.743618231460055235e+00
2.893058761933466450e+00
2.781802473217680038e+00
2.792414367532153996e+00
2.759714840341298547e+00
2.880445278077679472e+00
2.729314016378474594e+00
2.860852145777547761e+00
2.767048066080529889e+00
2.763564726942360217e+00
2.783496182860684343e+00
2.757496146869474529e+00
2.762231344402564570e+00
2.802135257263645762e+00
2.732339290790951836e+00
2.788015243860765047e+00
2.766133944696099078e+00
2.785141109531077408e+00
2.747422428386286697e+00
2.788067789706699884e+00
2.946959450009449366e+00
2.891114836875214866e+00
2.718418657970107510e+00
2.777850427938840294e+00
2.839097567890191520e+00
2.917849036533590290e+00
2.762181927390011893e+00
2.950267106551541119e+00
2.723658752487176038e+00
2.831443801314092568e+00
2.730382573926225298e+00
2.752497229789705013e+00
2.868483571506032170e+00
2.794938639755799592e+00
2.754245813285371991e+00
2.745523447359355274e+00
2.810851116654882631e+00
2.743367273990123145e+00
2.803764255425195806e+00
2.837157203963150298e+00
2.794966547205887331e+00
2.767514046938154504e+00
2.871597464826851631e+00
2.823076513309549007e+00
2.848373044388673669e+00
2.756614227635053371e+00
2.801743207362159982e+00
2.856820785418644704e+00
2.770458987243810345e+00
2.898821484672693405e+00
2.773568639857322715e+00
2.904638531728173323e+00
2.776358946534111194e+00
2.827790833848925267e+00
2.832052612505635558e+00
2.900000862068836671e+00
2.874399763428879595e+00
2.821989900761518122e+00
2.779816720577096056e+00
2.800498169969050544e+00
2.848505748633834322e+00
2.836815291836956909e+00
2.855954131284323960e+00
2.698962948986147303e+00
2.836879447562056455e+00
2.860603782420767516e+00
2.824502788102713158e+00
2.884895838674249369e+00
2.758480922536894919e+00
2.759858510866092018e+00
2.841461947660042675e+00
2.811145496056722592e+00
2.834188596406385763e+00
2.794801781880067448e+00
2.766112976723836159e+00
2.741906271191631550e+00
2.862231472121009812e+00
2.883491980221203566e+00
2.931707522929256626e+00
2.768506095351787266e+00
2.862357245348665202e+00
2.818280504137230302e+00
2.744915845704563928e+00
2.768700417163258543e+00
2.810156223415345433e+00
2.857539850990708619e+00
2.897020883597493324e+00
2.755789179164473524e+00
2.873438706497843054e+00
2.804939393284638705e+00
2.744842618439169879e+00
2.851359149598660991e+00
2.745670774146091730e+00
2.861237669261328165e+00
2.925432788494720882e+00
2.854716448265921969e+00
2.912010473882262307e+00
2.813745724119363079e+00
2.838748667987358587e+00
2.805820557341470511e+00
2.958911117286222581e+00
2.897204859860620818e+00
2.871724394854073825e+00
2.869520865928666620e+00
2.804381215170291597e+00
2.832918812814797516e+00
2.836272730186573998e+00
2.834518301228623471e+00
2.828214454386371202e+00
2.829287189381806567e+00
2.943503184982139587e+00
2.864248941694838013e+00
2.715758089373940809e+00
2.899292672359932599e+00
2.700438668068578796e+00
2.800891643744898740e+00
2.882425020707390040e+00
2.729097469860686243e+00
2.718094553175073536e+00
2.818870873239850638e+00
2.792876832228732731e+00
2.733931052532232897e+00
2.740091604308148465e+00
2.847810562519915933e+00
2.805584787526479218e+00
2.795320732939245101e+00
2.771405058810421984e+00
2.899597558282872800e+00
2.879335687272326361e+00
2.806677216923955331e+00
2.842443666987966910e+00
2.879270914658778935e+00
2.952109245946023197e+00
2.928722929879165271e+00
2.811437532651224203e+00
2.904677262623164946e+00
2.816059836012012152e+00
2.784045617442358456e+00
2.800943412495154217e+00
2.894287649837175014e+00
2.890385787399322393e+00
2.755401604122346360e+00
2.737694833249315618e+00
2.797683684764951995e+00
2.816258510861529896e+00
2.814763045089231142e+00
2.913520207583945698e+00
