-5.922568890914610620e+02
-5.933764123298097957e+02
-5.991494498259252168e+02
-5.968229307293609054e+02
-6.014445063990036715e+02
-5.977222253567414327e+02
-5.991193253117295399e+02
-5.980302777084901891e+02
-5.843876579929085437e+02
-6.029937371406934972e+02
-5.913938537244604277e+02
-5.879823983663677609e+02
-5.952608591835512470e+02
-6.012511853944423592e+02
-6.025584423680489863e+02
-6.049004300011661144e+02
-6.009733238196949969e+02
-6.001780703334919735e+02
-5.977289269428010812e+02
-5.970952519679036641e+02
-5.884878373389137778e+02
-5.962993496590883069e+02
-5.936456809149526634e+02
-6.042191342637479465e+02
-6.007823187879577063e+02
-5.985601946540492690e+02
-6.010588173741025457e+02
-5.987254992989875291e+02
-6.015961832540914429e+02
-5.896608898567093320e+02
-6.029841585578586773e+02
-6.024659303656613929e+02
-6.025440418801488249e+02
-6.050178328127026361e+02
-6.013527189247485012e+02
-5.837806545865354337e+02
-6.009143690839757710e+02
-6.036517409498954976e+02
-6.001128404961536944e+02
-5.945663242645815671e+02
-5.949912922313643548e+02
-5.986242442472128005e+02
-5.999169349966983873e+02
-5.978665093142324167e+02
-6.053694870588037702e+02
-6.014301242670377405e+02
-5.891698731046290050e+02
-5.924239333906909906e+02
-5.985136835046358783e+02
-5.962878558959474731e+02
-5.787617398144657272e+02
-5.916906991797923183e+02
-6.043362593869362627e+02
-5.987288135623670087e+02
-6.039698682195220272e+02
-6.031472336548274598e+02
-5.971523695987250449e+02
-5.982060878241159116e+02
-5.995542700120546442e+02
-6.039063044524084489e+02
-6.027222973610256531e+02
-5.874976346807679874e+02
-5.990784321987352996e+02
-6.038991533280055819e+02
-6.052433656021886463e+02
-6.011134612446809342e+02
-6.009286818371730305e+02
-5.918819349515933936e+02
-6.014771819597052627e+02
-5.999435287437001989e+02
-5.913091322532046661e+02
-5.987026431280474981e+02
-5.820191204227617163e+02
-5.973249940299147056e+02
-5.976580950750116017e+02
-5.996238298462086505e+02
-5.995584578557546820e+02
-5.964515770339236269e+02
-6.034888376393633962e+02
-6.026386511519459646e+02
-6.011634327668363085e+02
-5.933103189533979958e+02
-5.970566485120924654e+02
-6.017803728985210228e+02
-5.955040063451331207e+02
-6.012286976386379820e+02
-5.964910741746175518e+02
-6.041037290028187954e+02
-5.884500521888779758e+02
-5.931605833865124850e+02
-6.011598303007128834e+02
-6.017950616080626105e+02
-6.009548454617672633e+02
-6.002496861730339788e+02
-5.934231181920921472e+02
-6.026629305934620788e+02
-6.033434811981043140e+02
-5.959406862650345147e+02
-6.053926111785058310e+02
-5.970451693826654491e+02
-6.029101631562376724e+02
-6.022742025369798284e+02
-6.062044661392639000e+02
-5.988079198632764246e+02
-5.982142035253077665e+02
-6.011269299094957432e+02
-6.002753925751728730e+02
-5.929094899544051032e+02
-5.879499725477845686e+02
-6.012121101577746458e+02
-5.965848463770163335e+02
-5.931604058210389212e+02
-6.039396806040045931e+02
-5.908772580413476589e+02
-5.970092038606687765e+02
-5.982175453586563663e+02
-6.046275810087499849e+02
-6.013957893033046957e+02
-5.996807963278224634e+02
-5.955440307510198181e+02
-5.949958857566915640e+02
-6.037113531152956512e+02
-6.043681925581153109e+02
-5.949167283435210720e+02
-5.974402291850841493e+02
-5.992818327009126733e+02
-5.947832670752006834e+02
-5.973335295822413400e+02
-5.958688061609102533e+02
-5.973141685291615204e+02
-5.926253440822057428e+02
-5.917201148759265834e+02
-5.962707334270648971e+02
-5.973962774601135379e+02
-6.020417864898787457e+02
-5.991556125036943286e+02
-6.012720296836209855e+02
-6.029887501357616202e+02
-5.987633538921817262e+02
-5.988133890757569588e+02
-6.005150704726320328e+02
-5.972804569720500467e+02
-5.995831697723683646e+02
-5.945985234658018044e+02
-5.871152040660635976e+02
-6.019314711704552110e+02
-6.015641310310262497e+02
-5.982698461973840267e+02
-5.885643798352630256e+02
-5.991807990222966964e+02
-5.960934471176813076e+02
-6.007025941788111822e+02
-6.002479355499610847e+02
-5.832627638376577579e+02
-5.881675744733950069e+02
-5.991884229824422619e+02
-5.946207793128053254e+02
-5.998524658280655331e+02
-5.979914563675948784e+02
-6.043148509329957960e+02
-6.009928453214990896e+02
-6.004714205971281444e+02
-6.003067110899369254e+02
-6.021732005953590487e+02
-5.994080763100316744e+02
-5.901094744916414356e+02
-5.968046818325893810e+02
-5.912986305484142804e+02
-5.944417495213676830e+02
-6.021591124514914100e+02
-5.913586555485035205e+02
-5.965256549204490284e+02
-6.026136745153750098e+02
-5.963383319118125883e+02
-5.839118265946665360e+02
-6.017427990316165278e+02
-5.959164722051226590e+02
-6.037154718360551442e+02
-5.978231858836459196e+02
-5.914597795629754273e+02
-5.892394223581901542e+02
-5.993192882756745803e+02
-5.961625826385720757e+02
-6.062332109125337638e+02
-5.977783931197051288e+02
-5.974505030301065744e+02
-6.019512920990100611e+02
-6.031278375383204775e+02
-5.888843608764153714e+02
-5.987954633245750529e+02
-5.991590979089140774e+02
-5.885210787842944455e+02
-5.998119039736668583e+02
-6.032864474587424866e+02
-5.972239770404449928e+02
-5.914850519734627596e+02
-5.913452381248055190e+02
-6.009731976143615384e+02
-5.912279498714701731e+02
-5.927941002473459093e+02
-5.728598933792479784e+02
-5.945129559203786584e+02
-5.962933108565553084e+02
-6.005490425367094076e+02
-6.029629142970436533e+02
-5.947706122134644602e+02
-5.962010322053237132e+02
-6.000689629488797436e+02
-5.996198589783322177e+02
-5.920507863808464890e+02
-5.995120558150407533e+02
-5.952763571648423522e+02
-5.945340173939060833e+02
-5.935483105051930579e+02
-5.977209708411376141e+02
-5.918101261738522680e+02
-5.920752473421611057e+02
-5.950396698114006995e+02
-5.949073451454760288e+02
-6.011242869206560044e+02
-5.973330527153711955e+02
-5.981789140624302945e+02
-6.030164466455894399e+02
-6.012978201643212515e+02
-6.012339763323028592e+02
-6.015967314249857054e+02
-5.976476243363971435e+02
-6.030719869467587841e+02
-5.946149459071410774e+02
-5.893988557488984270e+02
-6.016119645325052261e+02
-5.996817169882629059e+02
-5.992572114925486630e+02
-5.850944900644816471e+02
-5.999322428764162396e+02
-5.970512433995377251e+02
-5.973280085037638401e+02
-5.981665684179221216e+02
-5.875090392932918348e+02
-5.932199854230713072e+02
-6.017036227331468581e+02
-5.940900998142021763e+02
-5.964523153246376523e+02
-5.886210780038628627e+02
-5.928292755090858464e+02
-5.969893317312053114e+02
-6.017555628381771839e+02
-5.948854279913614391e+02
-5.784218590597581624e+02
-5.954825090230223168e+02
-5.969969473212007642e+02
-5.981104584373803164e+02
-6.036921685444056038e+02
-6.033255903044436081e+02
-6.023273755274257155e+02
-6.025974917899587808e+02
-5.981404942469727075e+02
-6.018974867053257185e+02
-6.023861144457624732e+02
-5.925032830129000558e+02
-5.954376595611631728e+02
-6.011061454192412157e+02
-6.001495124467591040e+02
-5.872673691582153879e+02
-5.974764378647530521e+02
-5.919271369539158059e+02
-6.031180827151434869e+02
-6.021024345379490796e+02
-5.912986759807307635e+02
-5.963928777387023956e+02
-5.982398150169551627e+02
-6.050140998878091523e+02
-6.002038407358995755e+02
-5.938165423739012567e+02
-6.037626280827179244e+02
-6.005564486724675817e+02
-5.985497413756191918e+02
-6.003010666798789998e+02
-5.990252618094867785e+02
-5.929917237981611606e+02
-5.956321212953082522e+02
-5.954129330648773930e+02
-5.973224013109297630e+02
-6.027789497691029510e+02
-5.980252514243752557e+02
-5.935617719896094968e+02
-5.924612147813472802e+02
-5.933155281895734561e+02
-5.987675842284261307e+02
-5.996355601462956884e+02
-5.970553840863850610e+02
-6.015634540929753484e+02
-5.975791268234268045e+02
-6.020240112451695040e+02
-6.031592533051272085e+02
-6.012076743792240450e+02
-5.985578002536140048e+02
-5.979246721931521051e+02
-6.025387773564443705e+02
-6.009626850973052115e+02
-5.973250695919000464e+02
-5.992066837977303067e+02
-5.981468544894945580e+02
-5.986059133997385970e+02
-5.929564130586330748e+02
-5.889150992298846177e+02
-5.932750718265149317e+02
-5.849796443677125808e+02
-5.836265190107861827e+02
-6.022994396244001791e+02
-6.002168670231527585e+02
-5.997206636489064522e+02
-6.031562891951847405e+02
-6.021269497148879282e+02
-5.943734564714525277e+02
-5.943716406320932037e+02
-5.988750328340983060e+02
-6.001275955255252939e+02
-6.020717150158714048e+02
-6.023090030831014019e+02
-5.975566265208960886e+02
-5.988555959275209943e+02
-6.030770149279761654e+02
-5.991551553183863916e+02
-5.951870362648592163e+02
-5.944809732503863415e+02
-5.981400054242075157e+02
-5.926676952932133418e+02
-5.947828879765314696e+02
-5.919171393092170774e+02
-5.955558822416386420e+02
-5.930862644943670148e+02
-6.017474269706581254e+02
-6.024859514455856697e+02
-5.927185977406659276e+02
-5.885074907284396204e+02
-5.946972040758121238e+02
-5.926666799841982538e+02
-5.942013297299508849e+02
-5.999754875949186044e+02
-6.031321240382070528e+02
-5.896232099629113463e+02
-5.983385292070579453e+02
-5.840950648561520211e+02
-5.996483423297166837e+02
-5.999888338200365752e+02
-6.020977029716390234e+02
-6.045267589277289062e+02
-6.026706886568123309e+02
-5.991258924906719585e+02
-5.987653386111254576e+02
-5.964899673778677425e+02
-6.060038782726622912e+02
-5.996273750819385668e+02
-5.936630922826000187e+02
-6.014507550469473927e+02
-5.996291948020331120e+02
-6.025907945863806390e+02
-5.917780154891763686e+02
-6.004793152240367817e+02
-5.962992486532552903e+02
-6.035861772517326926e+02
-6.007042186668786599e+02
-6.034935701986179311e+02
-5.974336681944595284e+02
-5.906685718727175072e+02
-5.985703278776610432e+02
-5.988477722252280273e+02
-5.922118010397459784e+02
-6.028993538876705998e+02
-6.026846767545433750e+02
-6.013189226970125674e+02
-5.989419531397118135e+02
-6.013648058879642804e+02
-6.019123545305001244e+02
-5.988824319537076235e+02
-5.946543527263791020e+02
-6.016213865787434543e+02
-6.012321356200025093e+02
-6.045006123136853375e+02
-5.965656904913794278e+02
-5.970152122524197011e+02
-5.875459303826312407e+02
-5.900653772276647260e+02
-5.910839183338116527e+02
-5.940712350735935843e+02
-5.980401278000831553e+02
-5.925101533771170352e+02
-6.012014153669483676e+02
-5.897813131585803603e+02
-6.045477286471540310e+02
-6.013596944605689032e+02
-5.969574761001185834e+02
-5.930629071275292290e+02
-5.966339882442767930e+02
-6.041544606960807187e+02
-6.049972842876770756e+02
-6.041944667189859501e+02
-6.003141840413054524e+02
-5.976123279285271792e+02
-5.926179831062549965e+02
-5.859894822712866471e+02
-5.901806859769793618e+02
-5.974074738049534972e+02
-6.060121085141350932e+02
-6.025446197886132040e+02
-5.999861549320841050e+02
-5.991182679028404436e+02
-6.022681261590215627e+02
-6.057866586804653934e+02
-5.990573343874153807e+02
-5.907979321628381513e+02
-5.990161458119749796e+02
-6.018106192005539015e+02
-6.000844274126552591e+02
-5.969027911149488546e+02
-5.969217259368593886e+02
-5.962919357086782384e+02
-5.912602737888366846e+02
-5.799128567652240918e+02
-5.829486931655114859e+02
-5.901239878904457328e+02
-5.717158545139147918e+02
-6.041954694850171563e+02
-5.990823515730487543e+02
-5.876095984076529248e+02
-5.927789655533139239e+02
-5.915580053263458922e+02
-5.955378572361931901e+02
-5.945158591654392239e+02
-5.987398290780121215e+02
-5.952445262687244849e+02
-6.016604190444076039e+02
-5.982445992867716313e+02
-6.013140785485779816e+02
-6.038889772580245108e+02
-6.014083085487573044e+02
-5.962680850744413874e+02
-5.956486536419588447e+02
-6.013090609207970374e+02
-6.018449555776325042e+02
-6.003818516183083602e+02
-5.939950568055395479e+02
-5.988834333875802258e+02
-6.021262336095193177e+02
-5.998467945476063505e+02
-5.982128081947828377e+02
-5.998266573851482235e+02
-6.009689565173403025e+02
-5.913871145070763760e+02
-5.942988470689246014e+02
-5.927137461091158457e+02
-6.040494277839904953e+02
-6.005655527028866345e+02
-5.946434446241557907e+02
-5.908233559490943207e+02
-5.926197238784084220e+02
-5.888565909354780388e+02
-5.963232358667135031e+02
-6.042889977790863441e+02
-6.009328620159283219e+02
-5.916678193456715462e+02
-5.916500736339183959e+02
-5.927479718812063538e+02
-5.912222399295569630e+02
-5.909115294940726244e+02
-5.842608710076174248e+02
-5.954145703960933815e+02
-5.963867517447712316e+02
-5.923672596917137980e+02
-6.033406259958279634e+02
-6.018924538227564653e+02
-6.016967141965529891e+02
-5.999755532038428782e+02
-6.009274419429432328e+02
-5.990123751982570184e+02
-5.922076487449579645e+02
-6.005170082872798503e+02
-6.034304882364771174e+02
-5.901780087221684425e+02
-5.975658442471798253e+02
-6.012357195473383626e+02
-5.979882024916241789e+02
-5.947188886337739859e+02
-6.004049161591525490e+02
-5.952971178794431353e+02
-5.917060148310246177e+02
-5.939849984527766082e+02
-6.024132388227844785e+02
-6.022089639270437829e+02
-5.968039886659713602e+02
-5.979471832865940542e+02
-5.986272070947429711e+02
-5.861782745702457760e+02
-6.015172507628392395e+02
-6.045335074894001082e+02
-5.979921938531840624e+02
-5.992003986743372934e+02
-5.876587189861483012e+02
-6.016853463228944747e+02
-5.933467717733794871e+02
-6.015583958192512455e+02
-5.885682401691923360e+02
-5.878180103845182884e+02
-5.970094432965991018e+02
-5.876726923439224493e+02
-5.967530512704140619e+02
-6.027902101977401799e+02
-6.033720237022854462e+02
-5.935773486874525133e+02
-6.048387633652689601e+02
-5.957657729892986254e+02
-5.981075967326722775e+02
-5.862761982631235469e+02
-5.957701349016319909e+02
-5.937963444248119913e+02
-5.983464008607861615e+02
-5.884289826945562254e+02
-5.940340121309927781e+02
-6.012681718501934256e+02
-5.987689946052284995e+02
-5.973862968445912429e+02
-6.002055896366555316e+02
-5.930127120655342878e+02
-5.964574284516645548e+02
-5.873584266519069388e+02
-6.002320102555452195e+02
-5.830625537413397979e+02
-5.943345942935670791e+02
-5.967792967362283889e+02
-6.027776594439138762e+02
-6.003044518451088152e+02
-6.019889796187890170e+02
-6.006211066964655174e+02
-5.897727048212497039e+02
-6.031912468354445309e+02
-5.989520058194535750e+02
-6.005544134058582131e+02
-6.033156019866802353e+02
-6.029513463291808648e+02
-5.968297303131676017e+02
-5.994152144182406801e+02
-5.993067886431638271e+02
-5.921237970540764763e+02
-5.911778347211217124e+02
-5.726198117203227866e+02
-5.736872260771042420e+02
-5.884809947046812795e+02
-5.881354532301186282e+02
-6.003825892775664670e+02
-5.961330832138173719e+02
-5.932544003458829138e+02
-5.976605650925318969e+02
-5.914619981718198005e+02
-5.919475527623383186e+02
-5.944916233296164592e+02
-6.025106374282354409e+02
-6.055542430781075609e+02
-5.937680224583683639e+02
-5.957821852698602925e+02
-5.940376107368650764e+02
-6.009984891444088362e+02
-6.013334892076737788e+02
-5.906872299277678167e+02
-5.955043038052987185e+02
-6.024909668882969527e+02
-6.039160611073673408e+02
-6.016160092576487841e+02
-5.989102328307697007e+02
-5.824534546304876130e+02
-6.008957334665039980e+02
-5.959898165613728906e+02
-5.880255951705560165e+02
-5.897879256556270775e+02
-5.930351702591582352e+02
-5.856533882630146763e+02
-5.955725539265696398e+02
-5.952613260814622436e+02
-5.914878525282830424e+02
-6.015667099947547740e+02
-5.875430226528767435e+02
-6.037207670222214801e+02
-5.907797496805517312e+02
-6.013525523792604872e+02
-5.924345423975872791e+02
-5.940638258443501627e+02
-5.963928525098573346e+02
-5.903780634469258075e+02
-6.017514030089711241e+02
-6.020171683447955502e+02
-6.018167660488975343e+02
-5.998074288232751314e+02
-5.967934236922359332e+02
-6.030196872019361081e+02
-6.044088785711130640e+02
-5.997978006555565571e+02
-5.909052482726965536e+02
-6.014570052123908681e+02
-5.965350082853682352e+02
-6.001957601563135540e+02
-6.035025435223438990e+02
-5.961657001091523398e+02
-6.019398738108501448e+02
-5.955468137456688282e+02
-6.030694815734767644e+02
-6.064312258751928084e+02
-6.017046878326721071e+02
-5.968378868889485602e+02
-6.011903034781507813e+02
-5.968715783285524594e+02
-6.022293617052978334e+02
-6.051444769895653053e+02
-5.987221937432352661e+02
-5.970923385478633918e+02
-6.025964636852662579e+02
-6.017515460049507965e+02
-6.038768378299491815e+02
-6.043645693672198149e+02
-5.862512950132067999e+02
-5.992164189982610196e+02
-6.004823335843534551e+02
-5.945236186385606061e+02
-5.972520783940066167e+02
-5.857005083527370743e+02
-5.901987175339072564e+02
-6.024920755672937958e+02
-5.848378083035522650e+02
-6.049556407946438412e+02
-6.021437859141948366e+02
-5.898627233260467619e+02
-5.930370920071412684e+02
-5.905402588584647674e+02
-5.899840438444757638e+02
-5.902338946230945567e+02
-5.943630727569452574e+02
-5.935901336636723045e+02
-5.943256378714171433e+02
-5.945357918179930721e+02
-6.026146322218680780e+02
-6.031211652346247547e+02
-5.978719199307643066e+02
-5.991088493703233553e+02
-5.971708775822060034e+02
-6.015206172973948924e+02
-5.906055963911717299e+02
-5.984807265335202828e+02
-5.943218323484992425e+02
-6.012141155324131887e+02
-5.946314637397716751e+02
-5.986059099945007347e+02
-5.943731012400824056e+02
-5.994544989231600312e+02
-5.949155148421623380e+02
-6.041949064359996555e+02
-5.992991720585757776e+02
-5.977261579362022985e+02
-5.994393046607114002e+02
-5.957343412509223981e+02
-5.983261092600063193e+02
-5.887649602121272210e+02
-5.979464481008342318e+02
-6.002946641201258444e+02
-5.974818408961583600e+02
-5.967927583322308465e+02
-6.025421747523057547e+02
-5.985856291108731284e+02
-5.941481322360676813e+02
-5.977992462335502069e+02
-6.027841464037795731e+02
-5.876019353702380386e+02
-6.021552931347558797e+02
-6.005459069909903747e+02
-6.015687914363500113e+02
-5.977631446537154716e+02
-5.997383975268032827e+02
-5.990076108186367492e+02
-6.044366452571307491e+02
-6.030928341678737752e+02
-6.001542787884062591e+02
-5.915287255644620927e+02
-5.987461303276650142e+02
-5.942282144222599527e+02
-5.985070913276404099e+02
-6.003182357737590564e+02
-6.039009698936334871e+02
-5.899568592171380033e+02
-5.976314353865778912e+02
-6.013286162997142128e+02
-6.043757594508501825e+02
-5.991571578634379875e+02
-5.920695656893999512e+02
-5.975926486884700353e+02
-5.953139818083043338e+02
-6.060193872593064270e+02
-5.943722823586653021e+02
-5.837508746302357849e+02
-5.926495703287347396e+02
-5.976039873586970543e+02
-5.976953281648530947e+02
-5.890867743365697606e+02
-5.932128353960258664e+02
-6.025285811721885239e+02
-5.996737106823853765e+02
-5.903155485739787309e+02
-6.001699328801930733e+02
-6.015519328826150058e+02
-5.949717002330194191e+02
-5.988125574588541440e+02
-5.989385460462508490e+02
-5.852608643484214781e+02
-5.976981258251934150e+02
-6.024491361100368749e+02
-6.003684016907866408e+02
-6.016440384103904080e+02
-5.898963847915358656e+02
-5.990155142790626996e+02
-5.951550735298178552e+02
-6.051294759536498304e+02
-5.934292083227090870e+02
-5.951025123171452833e+02
-5.991733336998795494e+02
-5.924069828626518301e+02
-5.876981494258734529e+02
-5.888549799799974380e+02
-5.983562718113258825e+02
-6.002885232086222231e+02
-5.841456923784530773e+02
-5.911298033943980954e+02
-5.828157358303460569e+02
-5.939879047353483656e+02
-5.954271433340439899e+02
-5.813383435474964926e+02
-5.807130407999185309e+02
-5.993651944412301873e+02
-5.969992739482629531e+02
-5.890395787696068055e+02
-6.018904442034245221e+02
-5.931989029492614236e+02
-6.053429209706050642e+02
-5.962781860768202478e+02
-6.010657334921476149e+02
-6.003926973872164581e+02
-5.990135247618677568e+02
-5.889368580848914689e+02
-5.929772329522066912e+02
-6.056181665396162543e+02
-5.987001982893136756e+02
-5.951635821423338939e+02
-5.956009452387261263e+02
-5.988363424967535593e+02
-5.999318421026670194e+02
-6.010571458300277072e+02
-6.001749368362723089e+02
-6.018581925920010463e+02
-5.874007268949204672e+02
-5.991538942692404817e+02
-6.012726069414845824e+02
-6.012207981321807893e+02
-5.984110523897247731e+02
-5.935902094244761429e+02
-5.985505442501205380e+02
-5.965117785690117671e+02
-6.011561738126343926e+02
-5.969037389061768408e+02
-6.008467612426344431e+02
-5.970628438145122345e+02
-5.937291207454276218e+02
-6.008864350308377880e+02
-5.959787535137788836e+02
-5.910205595717778806e+02
-5.922856065848588969e+02
-5.953051859854751910e+02
-5.868753161047222875e+02
-5.922724199209160361e+02
-5.990913534416370112e+02
-5.920281167984273907e+02
-5.938823187862250279e+02
-6.015307907551509743e+02
-6.024924908142286313e+02
-5.997722682741257358e+02
-5.993619381668320329e+02
-6.053884134936168948e+02
-6.004774452877790054e+02
-5.946459104827951023e+02
-5.895630506915790647e+02
-6.019264834830033806e+02
-6.028282332074702481e+02
-5.864091464422109539e+02
-5.935222886144287031e+02
-5.961400057374432890e+02
-5.993466047865607607e+02
-5.982377146301729454e+02
-6.006682507740694064e+02
-5.969742348996285273e+02
-5.973114095007716742e+02
-6.005062122521871970e+02
-5.966225402587376720e+02
-5.992423578508019091e+02
-6.030115904688664159e+02
-5.918441064142130017e+02
-5.962741415199843686e+02
-6.043380920512145167e+02
-5.871444303529419813e+02
-5.985192297041093070e+02
-5.996287904852472366e+02
-5.926327361103659541e+02
-6.029171843459898810e+02
-6.036251243602297336e+02
-5.980517329862019551e+02
-5.902274488691148235e+02
-6.025748252663172480e+02
-5.975954845921692140e+02
-5.881426542823885484e+02
-5.923466742024183986e+02
-5.973748498103187785e+02
-5.917525957133348129e+02
-5.961394765214026847e+02
-5.984467279635302930e+02
-5.989676374069712210e+02
-6.004700691476817838e+02
-6.027043529994199389e+02
-6.041852379886495328e+02
-5.972781104535550867e+02
-6.000936583142145082e+02
-5.820141199899483127e+02
-6.001886731197141671e+02
-6.045301867733846848e+02
-6.051750057778724567e+02
-6.016994805384322262e+02
-6.056999084749576241e+02
-6.038038109873610892e+02
-5.967403925362594919e+02
-5.998698118998173641e+02
-6.001642838333643795e+02
-6.043680479053502950e+02
-5.915821854183759569e+02
-6.008640033928348885e+02
-5.962110726123559061e+02
-5.903484644631452056e+02
-5.977553809037974588e+02
-5.985849288307160805e+02
-5.920508312789410184e+02
-5.944184724715789798e+02
-5.943325623923341254e+02
-6.031272176815642752e+02
-5.844443994314598285e+02
-6.011779956004413634e+02
-6.007255971834280217e+02
-5.978751966546034282e+02
-5.987180868496036510e+02
-5.900818056808818710e+02
-5.984569776745119043e+02
-6.018974610121864544e+02
-5.876988386134003122e+02
-5.998007721250045279e+02
-5.955947020251743425e+02
-5.999744844083836597e+02
-5.955614512198659440e+02
-6.015589894981260386e+02
-6.026084566779413763e+02
-5.939250775500403279e+02
-5.947176613297988297e+02
-6.001517953033167032e+02
-6.007908813053131780e+02
-5.975952683384508646e+02
-5.930949846359100093e+02
-6.002534871869175959e+02
-6.003645546474340335e+02
-5.979217011217485833e+02
-6.022720504931586447e+02
-5.936351118888023848e+02
-5.875853160291347876e+02
-5.979858929129761691e+02
-6.017578491424437743e+02
-5.887168358827969996e+02
-5.974107676305767427e+02
-6.048478513764971467e+02
-5.960766777904430000e+02
-5.994160591774528939e+02
-5.989646336093948094e+02
-5.987660533765948685e+02
-6.056056660328044927e+02
-5.972417940113502937e+02
-5.965772753593741982e+02
-6.002674026332191488e+02
-5.895029682311217130e+02
-6.040828623345710184e+02
-6.029524890581060390e+02
-6.050947497015399676e+02
-5.920533256799434412e+02
-5.986347448968365370e+02
-5.905769347829735807e+02
-5.942049161283523517e+02
-5.937777154748492876e+02
-5.997088749256161009e+02
-6.055330666287508166e+02
-5.967030385043342449e+02
-5.960859194666046506e+02
-5.912787302468382222e+02
-5.988135800241871038e+02
-5.971217335394636621e+02
-5.979825171338690097e+02
-5.950627672855116543e+02
-5.972600437721582693e+02
-6.031219445510403148e+02
-6.051319643887503616e+02
-5.949748812147213357e+02
-5.915421151361323382e+02
-5.996799077335940638e+02
-5.981674498582897286e+02
-5.943495406689452238e+02
-6.009186144238339011e+02
-5.904998517808090810e+02
-5.963129490201032468e+02
-6.042539301643034833e+02
-5.984562580653310988e+02
-5.933371547147327192e+02
-6.006731295152085295e+02
-6.038625331725687602e+02
-5.895695907347788989e+02
-5.944866261204590501e+02
-5.876180553004087415e+02
-5.964337452652428055e+02
-6.000052013338607821e+02
-6.012061166013116917e+02
-6.058444586729037837e+02
-5.947655841120517834e+02
-6.018933145042608430e+02
-5.930636964877020318e+02
-5.994128547585199840e+02
-5.942668165162739342e+02
-5.889322805061722192e+02
-5.938576370565137950e+02
-5.905258616264453622e+02
-5.930866174364858807e+02
-5.947563401786920849e+02
-5.985561969747182047e+02
-5.984208143874091093e+02
-6.018606295131465913e+02
-5.987196091084391583e+02
-6.007017428806829002e+02
-6.013114766412433028e+02
-6.010813938373647716e+02
-5.999323206376527651e+02
-5.910562384907281057e+02
-5.912231850427638165e+02
-5.992886462484738104e+02
-6.002979277234028359e+02
-5.905183436921098519e+02
-5.948929497606233099e+02
-5.949146841536557986e+02
-6.007441392313855886e+02
-5.972160426704949714e+02
-5.983177049221617381e+02
-5.860316934631249524e+02
-5.993502186114603774e+02
-5.996434785880516074e+02
-6.013649353226194307e+02
-5.999049592698647757e+02
-6.044300489003109078e+02
-6.025921733238088791e+02
-5.987377722121277657e+02
-5.860965626144075031e+02
-6.037874786101982636e+02
-6.043688377646349181e+02
-6.005080119151106146e+02
-5.812743275602316544e+02
-6.014480537054690785e+02
-6.008288747465716142e+02
-5.899627635886459984e+02
-6.058525459080715336e+02
-5.973238351235481787e+02
-5.961409914985712248e+02
-5.998586151950725025e+02
-5.960868834766640703e+02
-5.969812566877810696e+02
-6.001197449352620197e+02
-5.995856217272011008e+02
-5.907810480983933985e+02
-5.951352384606499299e+02
-5.969811839167874723e+02
-5.965920235070130957e+02
-5.955183844913781286e+02
-5.963247504649795019e+02
-5.978409246429270070e+02
-5.971243753954140630e+02
-5.778613898124485786e+02
-5.962198841848120310e+02
-6.008736060460477120e+02
-6.000501716177343496e+02
-6.030543568385414801e+02
-5.982781274971192715e+02
-6.004591357188604661e+02
-6.039797116977543965e+02
-5.875800801570597969e+02
-5.944935591503697196e+02
-5.977582645300183231e+02
-5.976091494714912642e+02
-5.945213482663692730e+02
-6.034427732979032726e+02
-5.858459316809572783e+02
-5.895254100662810970e+02
-5.922038350944427521e+02
-5.939904469430249492e+02
-5.978149373206790642e+02
-5.792881440255808911e+02
-5.992809176409215297e+02
-5.968218199811915383e+02
-5.949606010555306739e+02
-6.011047275609415692e+02
-5.978112437197329427e+02
-5.852440907228597098e+02
-6.005975819361214008e+02
-5.984202157957175814e+02
-5.916903056514215677e+02
-5.955995383176715450e+02
-6.045759254655662289e+02
-5.951945912298103849e+02
-5.876356740221466453e+02
-5.917002202672066460e+02
-5.971314729198174973e+02
-5.960463650689258657e+02
-6.018144927892813030e+02
-5.987203836584933470e+02
-5.883669368998607752e+02
-5.969690952991330732e+02
-6.001919844595273617e+02
-5.989462605516526992e+02
-5.941284969311113855e+02
-5.888491089362810271e+02
-6.015551317788707593e+02
-6.053854800817540536e+02
-5.996997316286416435e+02
-5.950527978112113487e+02
-5.902187604916338159e+02
-6.028736653401412013e+02
-6.055759529028205179e+02
-6.014492911874007177e+02
-5.976516223341373006e+02
-5.932989326392040539e+02
-5.906708603431126221e+02
-5.988140993164105339e+02
-5.936275125887342483e+02
-5.949278345324485144e+02
-5.972817218120353573e+02
-5.953742258523008104e+02
-5.958479011083087471e+02
-5.921647875143036117e+02
-5.988901194088497277e+02
-5.913972334803017930e+02
-5.923559661351484920e+02
-5.995773459433435164e+02
-5.971360066350137004e+02
-5.986532138006735977e+02
-5.993262903755608022e+02
-6.002271104969939870e+02
-5.903277344989719495e+02
-5.986285119407057209e+02
-6.011252932871078656e+02
-5.855834376927956555e+02
-5.952639297359847887e+02
-5.889684098944711650e+02
-6.010459631689012667e+02
-5.872178219622377355e+02
-6.005822945469698197e+02
-5.944876801297335760e+02
-5.936683377918988072e+02
-5.940545600683947214e+02
-6.024170216074683140e+02
-5.977329489229603041e+02
-5.952885798950319440e+02
-5.994133263684424264e+02
-5.992459322714857990e+02
-6.017364902151796286e+02
-5.974207626007377030e+02
-5.951071435642937786e+02
-5.964930822276518256e+02
-5.983794740260694880e+02
-5.953745743305732958e+02
-5.948664833157222347e+02
-5.964357366824920064e+02
-6.011244399194326888e+02
-6.013615672133050793e+02
-5.977622399120276668e+02
-5.862279880060726782e+02
-5.966973177987678127e+02
-5.831926873857681812e+02
-5.992748376045079794e+02
-5.831188101575875180e+02
-5.905964419282726112e+02
-5.940688228489740368e+02
-5.959146880481649760e+02
-6.008992625235740661e+02
-6.008833604727697093e+02
-5.952369197132135241e+02
-6.051675199880255605e+02
-5.967053465091058797e+02
-5.993524799188730867e+02
-5.881513779926697225e+02
-6.023098342386492732e+02
-6.018379611875488990e+02
-5.920571348991522882e+02
-5.885473258418311389e+02
-5.973938418326424653e+02
-6.034600486029869444e+02
-6.050836063051771134e+02
-5.995027807774995381e+02
-5.955896506346224442e+02
-5.991608982821416021e+02
-5.967572222814013685e+02
-5.955386505499064924e+02
-5.811162023832559953e+02
-5.930140518328656754e+02
-5.979077736375687664e+02
-6.025628220834452122e+02
-5.993230777260545210e+02
-5.924078303795612328e+02
-5.858579232479116854e+02
-5.931475374681062931e+02
-5.958659506772347640e+02
-6.011867816844660410e+02
-5.941259703775957632e+02
-6.040605240586922946e+02
-5.956237226976572856e+02
-6.054880508760410294e+02
-5.917037666502587854e+02
-5.969913393183074959e+02
-5.990522093790406188e+02
-6.041006310020619594e+02
-6.037030682113296507e+02
-6.025941380795243276e+02
-5.975841107554106202e+02
-5.977250784722074286e+02
-5.920546290858366092e+02
-6.036745913808485966e+02
-5.880855242251849404e+02
-5.985805079145893615e+02
-6.036990161687521095e+02
-6.001440425647093662e+02
-6.020699789055670408e+02
-5.997388941299076350e+02
-5.907750412362780708e+02
-6.043193260803177509e+02
-5.993490946972656275e+02
-5.932634958037651813e+02
-6.022164689138452331e+02
-5.886444894765983236e+02
-5.967364552058211302e+02
-6.006054053296290931e+02
-5.956859524643224404e+02
-5.916607284822376869e+02
-5.875804755007100084e+02
-5.950075222770273058e+02
-5.942780583678934363e+02
-5.969530756149691797e+02
-5.973087150195314052e+02
-5.974330647606260527e+02
-5.988135469692616653e+02
-5.976742229790635292e+02
-5.974384379478866549e+02
-5.915921857088010256e+02
-5.931720143123035314e+02
-5.937303058036565062e+02
-5.877830860059341376e+02
-5.893940047511624698e+02
-6.000278027238197183e+02
-5.881609978578893561e+02
-6.033925219326620208e+02
-5.928423261022888937e+02
-6.001316144015920599e+02
-5.941827740513364233e+02
-5.963162600541016900e+02
-5.909156117188181270e+02
-5.939392760220630407e+02
-5.883533222266178200e+02
-6.061915165042771605e+02
-6.005538703618709633e+02
-5.994385918195295062e+02
-5.966158813895549429e+02
-5.987302423060722276e+02
-5.982875646978923214e+02
-5.896354839341958041e+02
-5.932073641185363613e+02
-5.952114261590693332e+02
-6.032600868967714405e+02
-6.033181341565583580e+02
-6.005231289682010356e+02
-6.032733335217835702e+02
-5.986474971292446980e+02
-6.000961293902753368e+02
-5.981736911523897788e+02
-5.967590274927251812e+02
-5.894344598116271072e+02
-5.995580547496468853e+02
-6.034451790998605247e+02
-5.919865854259819571e+02
-5.948029872075846924e+02
-6.059567179752565380e+02
-6.005704496100880760e+02
-5.904854307691979329e+02
-6.015886019328177099e+02
-5.982145400522824730e+02
-6.053095480234374008e+02
-6.052915306691581918e+02
-6.040091048357481895e+02
-5.988690151128814705e+02
-5.967667747865659749e+02
-5.935951114060538885e+02
-6.047833072570973627e+02
-5.953687927093538974e+02
-5.991446978167118687e+02
-6.018198109031441163e+02
-5.897992856169773859e+02
-6.011785163920511650e+02
-6.009497907507859509e+02
-6.000860968772409478e+02
-6.012544734081169508e+02
-6.008177557507685833e+02
-5.884793384966966414e+02
-5.936393162849342389e+02
-5.999451153862597721e+02
-6.009791005333465819e+02
-5.962553893949002486e+02
-6.027891533801113155e+02
-6.029471921249432853e+02
-5.943494071368328378e+02
-6.042854742330857789e+02
-6.039049379045801516e+02
-5.945075832352717953e+02
-5.992809610424749280e+02
-6.040866687896598251e+02
-5.896104741656930628e+02
-6.057576988190099883e+02
-6.006423581252076929e+02
-5.973728657692018942e+02
-5.883438666048820096e+02
-6.040576129168899797e+02
-5.955358959375970471e+02
-6.006176952815014829e+02
-5.943504484937428742e+02
-6.040647993965301339e+02
-5.890708744138993325e+02
-5.973452003792540381e+02
-5.880349291501961488e+02
-5.909273322855294737e+02
-5.917149046857563235e+02
-6.012087856900438965e+02
-5.921697619200633653e+02
-6.001729741043678814e+02
-6.040754494862958381e+02
-5.864144998035167191e+02
-5.978732671685066862e+02
-5.939742569420570817e+02
-5.981084302713456964e+02
-5.962242444969670032e+02
-5.972250878559444800e+02
-6.013958664726443430e+02
-5.991874474492419722e+02
-5.926930788763543205e+02
-5.966074112810849783e+02
-5.945878246904239859e+02
-5.933216484239713964e+02
-5.983354612916704127e+02
-5.991571238003417648e+02
-6.013193733544801489e+02
-5.865490272404090319e+02
-5.938883068720375604e+02
-5.836573375249922719e+02
-5.989507027853170484e+02
-5.932354827870653935e+02
-5.976503359242717579e+02
-5.972606945681361594e+02
-5.998492657123730396e+02
-6.028183089697594141e+02
-5.932615806145995521e+02
-5.931511043227626487e+02
-5.956827212282123583e+02
-5.947558458564213879e+02
-5.925703311350940794e+02
-5.929038459335233711e+02
-5.984560433435319737e+02
-6.021803611553983728e+02
-6.003934781788873352e+02
-5.888798319217544304e+02
-6.023525345839510692e+02
-5.979483737606346949e+02
-6.066481532485787511e+02
-5.974805165756202996e+02
-6.034661772826254946e+02
-6.037642355557632072e+02
-5.920748519693840990e+02
-6.021304826584110970e+02
-5.956138445078526047e+02
-5.998809401345356491e+02
-5.966598114948204739e+02
-5.942561314016026017e+02
-5.893905517720174885e+02
-6.002931142193235701e+02
-5.967504425910897226e+02
-6.049834279276246889e+02
-6.047509646702897044e+02
-5.946225089359556932e+02
-5.929814504134636763e+02
-6.031263061753367083e+02
-5.948381165595820903e+02
-6.027303331163277562e+02
-5.941447393558513568e+02
-6.001626978524046763e+02
-5.976990481499515226e+02
-5.894181345429386738e+02
-5.908040441155694680e+02
-6.008625283723310986e+02
-5.938718306375960765e+02
-5.996845149157308015e+02
-6.013731635727897356e+02
-6.024900898122677972e+02
-6.013886370077672154e+02
-5.979163895529236470e+02
-5.961577918234833078e+02
-5.918142406743423862e+02
-6.053835938114046940e+02
-5.993232978913196121e+02
-5.993303009888322777e+02
-5.891480211816858628e+02
-5.993904535541703353e+02
-6.003124849468636057e+02
-5.989469396498295737e+02
-5.997236910391917490e+02
-5.964678878925009258e+02
-5.990261371331653208e+02
-6.026643891292593480e+02
-6.001685389037772893e+02
-5.997036278006848988e+02
-5.932231983101150945e+02
-5.985216917179561733e+02
-6.020491904340291285e+02
-5.994260250595622210e+02
-5.978492899976197350e+02
-5.974387859601758919e+02
-5.977365880988551226e+02
-5.889715401839227980e+02
-5.935407098166023161e+02
-5.987942885290590311e+02
-5.959453208419981820e+02
-5.922911305186771642e+02
-6.001976021963171206e+02
-5.886613588990284143e+02
-6.025050004853148948e+02
-5.980632181619797620e+02
-5.960009827678773036e+02
-5.960030486582262483e+02
-5.899537222378295382e+02
-6.001333307243817217e+02
-5.997767173612870693e+02
-6.008531045838874434e+02
-5.936536036795712334e+02
-5.929317723144373531e+02
-6.042322601335553145e+02
-5.985940750446072798e+02
-6.006236629807654026e+02
-5.941328838869883384e+02
-5.931076613103001591e+02
-5.893636762731332510e+02
-5.991605952616233708e+02
-5.989687622112638792e+02
-5.980278198345993133e+02
-6.028760763950750743e+02
-6.003300677872348388e+02
-5.916805269184003464e+02
-5.997166940686462340e+02
-5.831553361278903367e+02
-5.890438964601936505e+02
-6.033872106456556139e+02
-6.008687732184685046e+02
-5.952076942691928707e+02
-5.962573222845924192e+02
-5.919957602818819851e+02
-5.948378408514854527e+02
-5.934785071063701025e+02
-5.971632533501186799e+02
-5.928150724019506015e+02
-5.950263325276628166e+02
-6.019871442371635339e+02
-5.914305629057760143e+02
-5.896213154283128688e+02
-5.989009970647838372e+02
-6.010158143074791042e+02
-6.051846617781520763e+02
-5.939949634897693613e+02
-5.922938065874581071e+02
-5.970332026790435975e+02
-5.979110279155271428e+02
-5.925531179121011291e+02
-5.981094350754630113e+02
-5.920145541495745647e+02
-5.922923807496396194e+02
-6.027017297469759569e+02
-6.003446991756128455e+02
-6.036012764447627887e+02
-5.874142628861093272e+02
-5.975438195633461191e+02
-5.922339782510568966e+02
-6.025091098253332120e+02
-5.915103077360402040e+02
-5.961045804625243818e+02
-6.023921229287193455e+02
-6.008951795908833446e+02
-5.990843842465000080e+02
-6.015576941426462554e+02
-5.884128858446682671e+02
-5.952209667563148514e+02
-5.968263534871906586e+02
-5.956534377450572038e+02
-5.993935850816824313e+02
-5.925178114442099968e+02
-6.022309692368853575e+02
-6.040884182738308255e+02
-5.950417858995688221e+02
-5.897515189044848967e+02
-5.946561530996847296e+02
-6.026551342556957707e+02
-5.857557017938315767e+02
-5.969723002644828966e+02
-5.820724357319919591e+02
-5.947486713987863141e+02
