1.327649710018681617e+02
2.590546224065128058e+02
2.155159877519414806e+02
3.571606112123160983e+02
1.751662736680104331e+02
3.597772764253263631e+02
1.441808846580740635e+02
2.554323378961083790e+02
7.569653945712955192e+02
1.359639853909008309e+02
6.505533840297783854e+02
7.909541176949825285e+02
4.073942668153310933e+02
2.415466973668072228e+02
5.402313122504722287e+01
1.051029668481291139e+02
2.055281560979069866e+02
2.416989226934016415e+02
3.625671425537693153e+02
2.529580604474794256e+02
6.621093843083177717e+02
3.289281410373175163e+02
5.453633669746611758e+02
8.800856017545666532e+01
2.543419478031704273e+02
2.571891952757739546e+02
1.999049935400852576e+02
3.152650322506086695e+02
1.324539743298468579e+02
4.097000914874477076e+02
1.112351898782701909e+02
2.042306123644056299e+02
2.001177348645239817e+02
4.884098355446066364e+01
7.794262282336947578e+01
5.985820334600394972e+02
2.408939986800636461e+02
1.780059446887055685e+02
2.889473970998097343e+02
1.315496257281286603e+02
3.338721631206203142e+02
3.379463761061355171e+02
2.841804297836797559e+02
3.961611217302085493e+02
1.021495593351622517e+02
2.276499807914096607e+02
6.153587211045256709e+02
3.820413064271552344e+02
6.198334655180363484e+01
1.943922120253271828e+02
5.315971004178220483e+02
3.182603304972157048e+02
1.040325229624558006e+02
2.396129930745898378e+02
1.354863219855492957e+02
8.514739821239444950e+01
2.913486388469999042e+02
2.585872245712997710e+02
1.072765116187321723e+02
1.027050941750778890e+02
1.155495212786970143e+02
3.371484007602581414e+02
2.177214907626602383e+02
1.137273707950896693e+02
4.439817046399361544e+01
2.168718799844605485e+02
1.663278940498862255e+02
4.044334692251374577e+02
2.054562046746295323e+02
3.243057393496179088e+02
5.172197437284009993e+02
3.458489860664658977e+02
9.198945844692960918e+02
1.091785677710911528e+02
8.949024250002572956e+01
8.426527349429910885e+01
1.481113725024622170e+02
4.022715273157024285e+02
1.734951247233675531e+02
8.262980903397001953e+01
2.216064692540206806e+02
5.711081326705038919e+02
2.850958046901509420e+02
1.945185675331284187e+02
3.535720002212132158e+02
2.098654079253219606e+02
4.365648545048937876e+02
7.125447407837663150e+01
7.487255932715804647e+02
4.892412675470814065e+02
4.651811994211849566e+01
1.556884359818630799e+02
2.091699814532098287e+02
1.725231168539900182e+02
4.997181328940396270e+02
1.863710455464891993e+02
4.439029423011984932e+01
2.309213535210329553e+02
8.001941071203641798e+01
3.844228185517848715e+02
1.052645020404786464e+02
2.202934141029279544e+02
4.733382875865022044e+01
2.133542196220587073e+02
3.777494945878146950e+02
1.345526227527335266e+02
1.856398464027849684e+02
2.593711684683767089e+02
4.724022984754116123e+02
2.257701411557052040e+02
4.313495914238791329e+02
4.995325996760197427e+02
1.166835522845299664e+02
5.537293041169549497e+02
2.024576149821316164e+02
2.479525402660777900e+02
6.088600512748818971e+01
1.924707179466678895e+02
1.727534464457017691e+02
4.758813325943874588e+02
3.657070797843384753e+02
1.442639614830839037e+02
1.198618377964671993e+02
3.823187223061626696e+02
4.008591502289722825e+02
2.560661562197614103e+02
3.960987398105146440e+02
3.394577068253251468e+02
3.588566761370718154e+02
3.389146705326452320e+02
4.569153106325772455e+02
6.013385092600500457e+02
4.540744704892302366e+02
2.616449795298312324e+02
1.182281839490266719e+02
2.786306921513109955e+02
1.238828380919575807e+02
1.515429425840254964e+02
1.686307808963536274e+02
3.526660147658711253e+02
2.403126194565662956e+02
3.569175716358375894e+02
3.367771451946173897e+02
1.472187098574729305e+02
5.433055530682072458e+02
1.760398769676839947e+02
2.136822923277556754e+02
1.303071223121644948e+02
6.049003905395994707e+02
2.922785841862892653e+02
2.823502308637387728e+02
2.373674739568203336e+02
2.708446414580234887e+02
9.775560369108477516e+02
7.578405212554787340e+02
3.188122071102283712e+02
2.832151779695503819e+02
1.473764164108728778e+02
3.456280967909303854e+02
1.164109796828879695e+02
2.286082221164701878e+02
2.976808100585995476e+02
2.787138500742528890e+02
1.852304023987391588e+02
2.631779818902255670e+02
4.347233108278604732e+02
2.964618832695812785e+02
5.048269441003976112e+02
4.795842834140245259e+02
2.276441579833463038e+02
6.348040060886214633e+02
2.934020121758161395e+02
1.517893644595472153e+02
3.135802124658418961e+02
6.439334026339911361e+02
2.317815151876421567e+02
3.676708032124461738e+02
7.634140259232702874e+01
2.795524172475440423e+02
4.420754830202881180e+02
7.237570396363975078e+02
2.804082740465963184e+02
2.809824716320775337e+02
3.821888291984929964e+01
3.527936111235125054e+02
4.143136458165648150e+02
1.946399026780239012e+02
1.223029096547246866e+02
6.367708543157222039e+02
2.321914273209150110e+02
3.037783150430162777e+02
2.677906744533469805e+02
1.403489561752753048e+02
1.811545696727481811e+02
2.338361073139653854e+02
3.714231106256833641e+02
5.134748307468332769e+02
1.740965267415866151e+02
2.966455403978644085e+02
1.568599633781659008e+02
9.120038317692107057e+02
2.896537823935792062e+02
4.370009630073000153e+02
2.111054974053199373e+02
1.779146502010378299e+02
3.098756636729866045e+02
1.433352131062617048e+02
1.513394228136626509e+02
1.814359327317270072e+02
2.390648853048542435e+02
2.158648534495609113e+02
3.489220377281868650e+02
2.805995694504729272e+02
2.147873859095929561e+02
2.605545275253655291e+02
3.173308234886615651e+02
6.134782194443644130e+02
4.998735936519572647e+02
5.008913372045954588e+02
2.642946630220110364e+02
3.270750194391367245e+02
3.776173318831303618e+02
1.529039484887458684e+02
1.142186845586540471e+02
2.606870247627842900e+02
1.715933262567730253e+02
2.610994810414705398e+02
9.425626392420929278e+01
1.238852708740661797e+02
5.941806236690247260e+02
1.816599316532619923e+02
3.354678262476894020e+02
3.406967241663503501e+02
7.050463286762615098e+02
3.160230780027657147e+02
3.861714368687887600e+02
2.890375813172584571e+02
9.041352808654758633e+01
3.969544099713006062e+02
2.833362179028027299e+02
1.161259390306588415e+02
3.463144125881814261e+02
1.155439958893570775e+02
3.318643787050003766e+02
1.948670311513935474e+02
3.059580043052127394e+02
1.587309234596464762e+02
3.998551700040432024e+02
9.377946892287715173e+02
2.825244864578039028e+02
3.443217432895199295e+02
3.026089451206435115e+02
1.428565931675314289e+02
1.304825930908744169e+02
1.970088225290360242e+02
1.594395899403371004e+02
3.641742484059222988e+02
1.154934797841329157e+02
1.884792596905275275e+02
5.650035679110462752e+02
4.548447470965085699e+02
2.419156662782928322e+02
2.302434923649494465e+02
3.757130797807751037e+02
1.960214724918539559e+02
4.327309483901123599e+02
1.134503775509460581e+02
2.357511363336676595e+02
3.451637260375764527e+02
2.291744417734739727e+02
2.977521229363332509e+02
1.899165928808587722e+01
2.430973402172979263e+02
3.887055221144425445e+02
7.557999972805366440e+01
2.641495807269575380e+02
2.490077692310193243e+02
1.800240251496112762e+02
2.636954760409369101e+02
5.428775928952202321e+02
1.492527437526981942e+02
4.159637614507884678e+02
2.973070062759427401e+02
1.717053692372954004e+02
3.023136194067136557e+02
4.614846429408397057e+02
4.058728403684168597e+02
4.150374390317474536e+02
3.156321125787077335e+02
2.060108631150954466e+02
3.964261895360897938e+02
1.566014501759265158e+02
3.268164575362487767e+02
2.270639892873912515e+02
1.557151859150314124e+02
2.387145373220234035e+02
3.485474692332875293e+02
3.926703789171459107e+02
2.077472036863069036e+02
2.016317007555081773e+02
3.763838778423722715e+02
1.715751577515050315e+02
9.670180672630240792e+01
2.248281225928253093e+02
4.055687980140282889e+02
1.608195890282015910e+02
1.807240459766634615e+02
5.712264254041051572e+02
7.019601778890092874e+02
1.534130724713430105e+01
1.420288417504114307e+02
2.550914179045053061e+02
1.070442381075694414e+02
1.919516666509023821e+02
4.500783720231753477e+02
5.059121352667531823e+02
3.012157527960576999e+02
2.821024962422391695e+02
1.383689198266359313e+02
1.768513412724677210e+02
3.109178570306971778e+02
2.588093494677443687e+02
1.091500845050643136e+02
2.742595888707911058e+02
4.593895751167600565e+02
3.820148588084119297e+02
1.339510384498199471e+02
2.750665534853141594e+02
1.945269551708345546e+02
3.399440699618485269e+02
3.982964056294977695e+02
5.230819318708026913e+02
1.212048441156429988e+02
1.345072838310138081e+02
5.999070721548556548e+02
5.242826392552257175e+02
2.945095889869342045e+02
5.199401791050341899e+02
4.435965747896362359e+02
2.573424397515240116e+02
7.565176197792229118e+01
6.904232500777868609e+02
1.824132299634904371e+02
8.493109775895342182e+02
1.483006387705756310e+02
1.457264263524027967e+02
1.346784100350130586e+02
9.306463129096630382e+01
1.000590058886354541e+02
3.043561074784204834e+02
3.049432752712007186e+02
3.345762248302221451e+02
6.775876387954130564e+01
3.078889129855298847e+02
5.360799725631231922e+02
2.064176258970433935e+02
2.201350424395193954e+02
1.300951857404197654e+02
3.909145017041689130e+02
2.406283541085347792e+02
4.319692063620184967e+02
1.767610023212251065e+02
2.753595491192706959e+02
1.679988286209741659e+02
3.520707818055618077e+02
6.743473345974294944e+02
3.561641829779996442e+02
3.483128637853888563e+02
5.989609921656006009e+02
1.295848483379191123e+02
1.982623484743973563e+02
1.870591285759888081e+02
3.050440850537762572e+02
2.214435447710132792e+02
1.961855903866029678e+02
2.631214661342565933e+02
4.673571507477533942e+02
1.746327049375522336e+02
1.935141019021210695e+02
7.650264099810746643e+01
4.054970597711748042e+02
1.892308776178522862e+02
4.421323546791708168e+02
3.352542491756161098e+02
4.389331709401113812e+02
2.543941375925479917e+02
3.456217602766495247e+02
3.082085434274196700e+02
1.456687947206050637e+02
4.719035809678026112e+02
9.325462051401224528e+01
1.701342726965063150e+02
3.348974440473934919e+02
5.445591223107553560e+02
3.282881097881283381e+02
8.612834563523148290e+01
1.195991642378965167e+02
7.481291481065808568e+01
2.686590058716979001e+02
3.390398805382054093e+02
3.957755228962217302e+02
5.656658821249800440e+02
5.700081478042772005e+02
2.539494702184718733e+02
6.451736669146112035e+01
2.057941563193688808e+02
2.817995276612338671e+02
2.986483100887224396e+02
1.919474802741030999e+02
7.176164008257268279e+01
1.550321296751801015e+02
3.297667048771136251e+02
3.001160297576469134e+02
2.295957378642781919e+02
2.927522810946696268e+02
3.198695218778647700e+02
2.837666190658962364e+02
3.563646281923690253e+02
1.986193380437074438e+02
5.780962475230276141e+02
4.078896393336999608e+02
1.674783892052951160e+02
7.334080561446098727e+02
5.475783037188106306e+01
2.080690993981997963e+02
4.282754041593079819e+02
2.920872800555615072e+02
5.095790692822312735e+02
3.566814683641685519e+02
4.909635872198504103e+02
3.519470218620802484e+02
3.972127864622275411e+02
1.563900828978339916e+02
3.756373725477794778e+02
2.288727842560619479e+02
1.476370117662310690e+02
1.172763078750108861e+02
2.936139282035704809e+02
3.532227745633099971e+02
2.238127946859369217e+02
2.406761060478794150e+02
1.768844029263616733e+02
4.693316015043376410e+02
3.359124863787456547e+02
1.536409567845957440e+02
1.100342349239673183e+02
3.357014774169407474e+02
2.790752161772554700e+02
1.902634871456973826e+02
5.600428884828206719e+02
9.592243984123457778e+01
5.049908618456290128e+02
9.386238572873423891e+01
2.709478142411675776e+02
2.300519379418196024e+02
3.720385732906997873e+02
1.210847162622712574e+02
4.425633887288803976e+02
3.558951530578875122e+02
1.420887574881322166e+02
7.431026709617050585e+01
3.831483669469984079e+02
1.514268240333631184e+02
3.248115203016091073e+02
3.752383592061031550e+02
9.751427882252055213e+01
5.300525826611335560e+02
2.204348362119175420e+02
3.304236648189348671e+02
5.757918558766604065e+02
1.718604345808184348e+02
1.620371626987991363e+02
1.970964999081196538e+02
3.089701199484644007e+02
2.508970412139958057e+02
3.082343764401109638e+02
4.981988293665613696e+02
1.679980799571401349e+02
1.136971277309917099e+02
3.455666950175801730e+02
3.602177321126559946e+02
2.620118142077616312e+02
2.344308439397849781e+02
4.273405378966519379e+02
2.748700117132086120e+02
4.244138687646233734e+02
5.293094681998630904e+02
2.833273588806949874e+02
1.460879452567264138e+02
8.882633876300135967e+01
2.855811599803175227e+02
3.694803255500868886e+02
2.519711968032720222e+02
8.464003197141668124e+02
2.217861032575724494e+02
9.613842206210554764e+01
3.358420120449429760e+02
2.527096484773145448e+02
4.787215657013118744e+02
1.960431757805421853e+02
5.298356629701902420e+02
1.924478138770062969e+02
6.806974448191293732e+02
6.196569178784566247e+02
3.389947143268590253e+02
7.313998198967178723e+02
2.687583531135791759e+02
1.710314579094122962e+02
1.264663973557501606e+02
3.315028200279311932e+02
9.291872088536725016e+01
1.388901843881325249e+02
1.815480889929960711e+02
5.237536872421214866e+02
2.686137695211583605e+02
4.286438171575325669e+02
3.070420767478217385e+02
3.522353019196418700e+02
3.963242488533615528e+02
2.328093977479267096e+02
3.670867358094603787e+02
3.170986327202050461e+02
2.656059576154930255e+02
3.864254805059685509e+02
3.022006400021908235e+02
3.292517879548821043e+02
1.596522699370420924e+02
2.465483740955537826e+02
2.674615709779216104e+02
3.864209766024621331e+02
1.548092987702433447e+02
1.983267178677635627e+02
1.312910888910383846e+02
1.624017101671484795e+02
6.534077794706963687e+02
1.772611365845927764e+02
2.555733869883333114e+02
1.989354017273594195e+02
1.248262077343320726e+02
1.684487185906477578e+02
1.492838715755483747e+02
8.179161267607730679e+01
1.600961823237040278e+02
3.306585903951512364e+02
1.026006472984621496e+02
5.432126838041608607e+02
4.071749727011283539e+02
1.956953700418330584e+02
2.607444387478034855e+02
1.105769976976068705e+02
2.845629148368930146e+02
2.517022079153254310e+02
1.920147313602614645e+02
2.734139489711239435e+02
4.169579537405670635e+02
3.311208713467360667e+02
8.459040498738605152e+01
7.441443417554282291e+01
5.021729195385618141e+02
4.048571290794319566e+02
4.396041050967817796e+02
1.312705265618650969e+02
1.647444734096820866e+02
6.256945778675482188e+02
4.506642347722773820e+02
2.131788339642246228e+02
1.241017602785494063e+02
1.951387641791520764e+02
3.309334428773276500e+02
7.522251981808528853e+02
1.450031902190878839e+02
4.195250316962612942e+02
7.225741824804870248e+02
5.870271418347248300e+02
4.652991244582074160e+02
5.491116764923812070e+02
3.594801581772349550e+02
3.637975276496969173e+02
6.456606538935197932e+02
2.121636667611947473e+02
7.655654625259542172e+02
1.512461181025534813e+02
5.920524437431009801e+02
1.415339737051682789e+02
3.978240864988921999e+02
3.303150763447565623e+02
3.591005008095676203e+02
6.743641781501800097e+02
2.102731958389829288e+02
1.140098137894938901e+02
1.576956249445117351e+02
2.651711417018604493e+02
4.373295723095245080e+02
1.265133238043849815e+02
1.429965364608096365e+02
2.091792234695607249e+02
5.758207292262329702e+02
2.338986475059295742e+02
4.113061095168311567e+02
3.033839398070311972e+02
1.754601592142435891e+02
4.708771581547930509e+02
2.321019913476479246e+02
4.678950154434917863e+02
1.444824115096331241e+02
9.227995246205500379e+00
1.912419922926341087e+02
3.688016022831452005e+02
2.020576311422450715e+02
4.306529664141845615e+02
1.875758819470989067e+02
1.005866211348079418e+02
1.870153310222879384e+02
3.305613161021581163e+02
9.389429732784647342e+01
2.459765966599626665e+02
1.565476131634809178e+02
1.170473942127414091e+02
6.258099231259986936e+02
2.802225070224632191e+02
2.127308434958662815e+02
3.871069146520650861e+02
3.956850851253342398e+02
7.844094595954406941e+02
7.058955907869988096e+02
1.715288169638103568e+02
5.059834399098710378e+02
1.061824063153711961e+02
4.916672880496978593e+01
5.157628359647517300e+02
1.082142921801403759e+02
2.424541447446580946e+02
3.181949534589329573e+02
2.057843832638916979e+02
9.447590958493267976e+01
3.893912351310934810e+02
3.804559735193773804e+02
4.878514265966069843e+02
2.072432266505936980e+02
9.560044496174378992e+01
3.669691007725005534e+02
3.116546496318374011e+02
3.890030892482246259e+02
6.146507349004723864e+01
5.448342148171341250e+02
3.547398058114929427e+02
4.523987346831877403e+02
1.972719198409058663e+02
5.139937886620689369e+02
3.632749848043635552e+02
3.945971248803551816e+02
2.689091557964172807e+02
3.883413862429398478e+02
1.342104359740104655e+02
1.885480286883037309e+02
2.834674054931286378e+02
2.289666321948546113e+02
4.163586919969069413e+02
1.521610364771428863e+02
3.589752559458651149e+02
2.996300625108870577e+02
2.149883051552631343e+02
4.219902662543892120e+02
4.405800487064428808e+02
1.249650680948740842e+02
2.385254386710723224e+02
5.173760835965646265e+02
3.161489493565260318e+02
1.523175846730558192e+02
7.350906676659619734e+02
1.940772086226606348e+02
2.685532889853848246e+02
1.875286249224589596e+02
2.828268840984785584e+02
2.477740976712212557e+02
3.429841485212697307e+02
1.230612801848159563e+02
1.616006723285600231e+02
2.651921541297380145e+02
5.667052079024470004e+02
2.635470507347325224e+02
4.019733806427995546e+02
2.592324706236925067e+02
2.372890400856725250e+02
1.408086500343814862e+02
7.003636613195283189e+02
2.905902693714764382e+02
2.513760656796873434e+02
1.069717724295267089e+02
3.337720432771982360e+02
4.574755393856833052e+02
2.234077418162136723e+02
2.601742057491036917e+02
5.840350304229045264e+01
2.731699269218418635e+02
8.563458392573089384e+01
3.525797377524263538e+02
2.175222463354736817e+02
3.947368850209502966e+02
7.611384910549344340e+02
5.658503009054934410e+02
2.100336655609032732e+02
2.613203037917235747e+02
6.602619595177898191e+02
2.900362199736074444e+02
2.174809214705497880e+02
5.160858495700402955e+02
2.942576274077742937e+02
6.787021062335904276e+01
7.994187995382551435e+02
2.634427504703908767e+02
8.979351387098519410e+01
1.323839488478812996e+02
1.579870838880696340e+02
5.015792064117401310e+02
2.783977435372272566e+02
3.437535734344511411e+02
9.326966519298166247e+01
5.557048071831734433e+02
4.880549235258045542e+02
2.395585620331580969e+02
4.157005574596898327e+02
5.283172275233397386e+02
4.358290035105585503e+02
1.868435021262577322e+02
3.101033465783851852e+02
4.826925143990839047e+02
1.981784031893619726e+02
6.260318244432506845e+02
4.106425716564389745e+02
3.756143253593663189e+02
9.773951913476073514e+02
9.393129815504181579e+02
1.318903232407300550e+02
2.963763762941436539e+02
7.130016131186247321e+02
2.224444824820699296e+02
5.250962221639913423e+02
5.976586570399882703e+01
2.636351071930872649e+02
1.023631828374794281e+02
2.025862119438367870e+02
3.141453088907147162e+02
4.533658249955322503e+02
2.426299338979835625e+02
7.464798651773683957e+01
3.706057925603243461e+02
4.998352720063655283e+02
4.267976398849310158e+02
3.044546208416587092e+02
2.893891577380670128e+02
2.454931935663119589e+02
2.711097794896580808e+02
2.182483879164454947e+02
7.901362146854212369e+02
3.461183004494344573e+02
1.848826660064267458e+02
2.296715076961818909e+02
3.553500664683505192e+02
5.693665756687801149e+02
2.860277728125864201e+02
3.406788643117087076e+02
1.100775063921649632e+02
3.329559601573224654e+02
1.435744793150338410e+02
3.860098396550172879e+02
5.119803182841596936e+02
1.669521738590399593e+02
3.002933089243116456e+02
3.180240812586491188e+02
4.780070512888245275e+02
1.534359007162078967e+02
7.426162748718375042e+02
3.539152140779846150e+02
1.304938376672043034e+02
3.436065162695244339e+02
4.234371714514950327e+02
1.574740252483266261e+02
1.996974339738391109e+02
1.856032135936209784e+02
3.149321301365454815e+02
4.766634288866698910e+01
1.044914588043959327e+02
1.948964102903345008e+02
1.930106429559050127e+02
1.847016448190362325e+02
1.246669888958270462e+02
7.333944930963730258e+02
3.964869528704878121e+02
2.059759023375484901e+02
2.204965762574361179e+02
1.604197002358107795e+02
8.577450423555758618e+01
2.252579746782425900e+02
3.496153804402134142e+02
1.200985850258035157e+02
2.148750765784681960e+02
3.017166941400311657e+02
1.356947910343842238e+02
6.092628424228329322e+02
1.974490158232349586e+02
1.467913626184280247e+02
7.126106290357689659e+02
3.812963777482254955e+02
3.197163004170772069e+02
5.824981647167423944e+02
1.594748812402340548e+02
5.437363357222677251e+01
3.691020498548037949e+02
6.263614927731167654e+02
1.053426609078766063e+02
1.458227336120443454e+02
3.295072928023209897e+02
1.083283099859704777e+02
1.390629447505300220e+02
2.101099263659594385e+02
3.764474311869608982e+02
3.797641535730318765e+02
3.334809438094630991e+02
2.976382020294996664e+02
1.849231403301481578e+02
1.536055004430153303e+02
3.668256230594942622e+02
2.622790708320366093e+02
8.817512423668243855e+02
2.313587642370547144e+02
1.259694888009943980e+02
1.116848006631595638e+02
2.236756666906066755e+02
5.507663856282243131e+01
1.658212687288715870e+02
3.880947437928316504e+02
2.769318777453947291e+02
2.031736842095743327e+02
5.569166173188455815e+01
3.908115222719169424e+02
2.009012873863625259e+02
3.023628383779919204e+02
3.507096346404866836e+02
1.054777770551173575e+02
2.656453300138491045e+02
5.765250601395857757e+02
7.377799762709221909e+01
4.280079245801111938e+02
1.405743726600018420e+02
8.709985918287468394e+02
2.228180441758372865e+02
1.131684047072436670e+02
2.363883996307778546e+02
2.033798918348044253e+02
3.949449658361122601e+02
1.354815058273407260e+02
6.232637962100873352e+01
5.638542488943569424e+02
1.411275668299316237e+02
2.353947711473282993e+02
1.642670512450600881e+02
4.670894328644310463e+02
2.362104706971381631e+02
1.954372136795489041e+02
5.256552860026712324e+02
1.437774107267541979e+02
1.532150973516301917e+02
2.354344426321119954e+02
1.357221073709832808e+02
3.472805361498823231e+02
2.246744340190614651e+02
2.295615371806549092e+02
2.787061074800419078e+02
1.896335326020215462e+02
2.534451599686750001e+02
3.190469261207310865e+02
2.328596539734230930e+02
2.091415762776098575e+02
6.680034349864571368e+02
3.860757811047355403e+02
7.072038804181542559e+01
2.945426445558409796e+02
1.675884678479447132e+02
3.280435425072024600e+02
1.548340888964611679e+02
2.342099216977008780e+01
3.134613134530289926e+02
1.111626073346388210e+02
8.841415444988227534e+01
5.079874497997158755e+02
1.419667455104618625e+02
3.177485153669918461e+01
1.101106072890159169e+02
4.701458745200449698e+02
2.366268801820950785e+02
4.655013480840290185e+02
2.701518406862437587e+02
5.347396840494641310e+02
2.390511645970391328e+02
8.262881946570327329e+01
4.368214160604458129e+02
3.376495592713745282e+02
6.642040641608867872e+02
2.138625302210145946e+02
2.423341451140938148e+02
9.276473733614106720e+01
4.476926659412962977e+02
3.524267138086202067e+02
1.997208306162742701e+02
8.264775993173483926e+01
3.170957515215492322e+02
2.244305351552347645e+02
1.874235745148613717e+02
2.889617181634827716e+02
4.649712446988601755e+02
2.229439437616263433e+02
6.674739128008576472e+02
2.974956085468142533e+02
1.284590441542998178e+02
3.460731917649385423e+02
4.823506546307109488e+02
2.978173333434806409e+02
7.831745836245464432e+01
3.035411573791064939e+02
2.309582205154737835e+02
1.329722810363155361e+02
2.509902727520677672e+02
1.772971437676134485e+02
2.755684829044637354e+02
7.644263188906775497e+01
4.682157319577812586e+02
1.847983451842574709e+02
4.028519259248232061e+02
2.757488156134291444e+02
4.488093966973701185e+02
7.301642410270202390e+02
5.481197057265737840e+02
3.362825473708867321e+02
2.488530234389021416e+02
1.048579210185028643e+02
2.881148416722859338e+02
2.106924860397119801e+02
1.948828080517353385e+02
3.486453578391876817e+02
2.537230854832209843e+02
2.636824214126170887e+02
2.749845773294941296e+02
1.724817172015731614e+02
4.452552487933132284e+02
2.918826624828021750e+02
1.397467543102257821e+02
6.382171928082530599e+01
3.319142305447358012e+02
1.710013761053579628e+02
2.866325670765830296e+02
2.211733778253899914e+02
3.829910523989178159e+02
3.272126311021497145e+02
3.829003546097078470e+02
1.962740790380810552e+02
1.697378629239672421e+02
2.431424376420518456e+02
3.185126546234550347e+02
1.169937629016037590e+02
9.730316303011515799e+01
1.943692969987042147e+02
7.211328132345106496e+02
1.335082556589853766e+02
1.488860942828409009e+02
4.810759237576512959e+01
7.054422018355422779e+02
1.992164634503739649e+02
1.967670159980484357e+02
4.718987217881992819e+02
8.342777434599578612e+01
2.234387371175643864e+02
4.539140061256639456e+02
3.232023122437173583e+02
3.588829514763742736e+02
4.140721724273091695e+02
1.907055781799535623e+02
9.644590707660384510e+01
5.043286043612271783e+02
2.427195103989850509e+02
1.965648855246273854e+02
2.946338070926229875e+02
3.554287213612473693e+02
4.349848755312357866e+02
3.738614241956009892e+02
1.193733072371776558e+02
1.097358445518374765e+03
1.708478597973613091e+02
1.319185631202597904e+02
1.920275283901675607e+02
1.362513798318950649e+02
3.792702048326978002e+02
2.548459313023282959e+02
1.581229432827341270e+02
8.130652791376526238e+02
4.499520968188467691e+02
3.496258876398948132e+02
2.825362501279868752e+02
3.018138540883728069e+02
1.105330033546013908e+02
5.470443203877274527e+02
5.139567693930101768e+02
2.290187131412060637e+02
2.677984043533325575e+02
2.770159330093088670e+02
1.006299575103851680e+03
2.424583584574087070e+02
3.715745051308527422e+02
5.253440729588955946e+02
1.716032990669633591e+02
3.648787239490561092e+02
8.231579867189327615e+02
1.670492365482973582e+02
3.190800634974583545e+02
4.308820189061920587e+02
3.063938254192861450e+02
8.374686692176553038e+01
1.030498983474293624e+02
3.461152582590547695e+02
5.367544318680758124e+02
1.906239517778780055e+02
1.007057399815212761e+02
1.764553869304534715e+02
2.094123983120565811e+02
3.717154427031302930e+02
2.360741992185251661e+02
2.102664885313755292e+02
2.760012217502086287e+02
2.114356742675814189e+02
2.425107914361187795e+02
1.997342513217501505e+02
5.140659641390992363e+01
3.264939830081643777e+02
2.656235532603951697e+02
5.684552894208628686e+02
1.074574847847063950e+02
4.412916885924587262e+01
2.225824458486466995e+02
4.034778111747980347e+02
4.216289376948610652e+02
3.354854707770247728e+02
1.663853745413001093e+02
4.413505165007875917e+02
4.419147291316039059e+02
3.168124235163882645e+02
3.985572395798355956e+02
1.049017095457539597e+02
4.925555442885325306e+02
2.468393687414717306e+02
4.877517860317342979e+02
4.913624004789566015e+02
3.093325897141502310e+02
4.183169864517264500e+02
9.814014952413005233e+01
1.524594619992860203e+02
2.885829401089640669e+02
6.231830482338201591e+02
3.270819058354619528e+02
2.478759711613186028e+02
6.567300125558487025e+02
4.285384038963691751e+02
7.154867520939461656e+02
1.842004515472963817e+02
6.124623313807023806e+02
1.542335832767875559e+02
3.622514025809720692e+02
3.292540436491999003e+02
1.898829809358434488e+02
1.612429572520053966e+02
1.643213199734727539e+02
3.212670211899581432e+02
3.391714707231703301e+02
3.442551198517928128e+02
2.346331271641674618e+02
4.235413575494101224e+02
4.727162546450601894e+02
3.289869985401155645e+02
3.852259271628623765e+02
3.520583692101719180e+02
2.938881927242382517e+02
2.474631903978082335e+02
1.592893100813214176e+02
2.152048062567193938e+02
6.954314533841501600e+01
7.602689016934242545e+02
3.050728992797743331e+02
6.170793360465772821e+02
5.494686274191958830e+01
6.423971449435313161e+02
4.332821812846224816e+02
3.493775153593473419e+02
3.758609869851586041e+02
2.870074249494231822e+02
2.672594469882369594e+02
4.946787093089133123e+02
9.857105789101299820e+01
3.387294110934182640e+02
1.901494981576032330e+02
6.821447664653583161e+02
1.054623665204127576e+02
4.930618192120613230e+01
3.787153553292870356e+02
4.913575164117537497e+02
3.520388544272914260e+02
1.016069604753387949e+02
1.082971526907445252e+02
3.097577365050984213e+02
4.641640972489251453e+02
3.010347204581349843e+02
1.828105635886246034e+02
1.758150338980457832e+02
3.789402002340937656e+02
1.931771145016545006e+02
2.415657275764079372e+02
1.491638217674004352e+02
1.854571678998932498e+02
2.730241679372098815e+02
5.500687380755454114e+02
2.537905816567876514e+02
3.341969935690801208e+02
2.291338558312311022e+02
5.535225203846728164e+02
1.306899753481078221e+02
4.090103799871316141e+02
4.909365393000208400e+01
4.737530144963673138e+02
3.959881823743652944e+02
2.880824255563350107e+02
1.270217313571456685e+02
1.770783454271627875e+02
1.403205551391366441e+02
2.914107075109809557e+02
2.773423445070335447e+02
5.940959894354157314e+02
1.623873190976244132e+02
6.773228294182868012e+02
1.717021857278125196e+02
8.005486921711545278e+01
2.023141326169410661e+02
1.940498723787500808e+02
1.526334042617826015e+02
6.848872223889100042e+02
1.055313225789236782e+02
1.823336466984891047e+02
3.624207355044616179e+02
1.248554706279145421e+02
5.375098566335302621e+02
3.017919006623149585e+02
1.633590290086304719e+02
2.712225332404318010e+02
4.811914328435626089e+02
4.046723815407843290e+02
2.667644740959030969e+02
4.670921051638924837e+02
3.675872773122984540e+02
2.768983902373269643e+02
2.154624050522802463e+02
1.929377665965102437e+02
2.322252447457350115e+02
2.138692438004669611e+02
4.168722991167355190e+02
3.090398955477257914e+02
4.803078748500705046e+02
5.151380937125695709e+02
5.548572174489686404e+02
1.020951973573586002e+02
6.841381550027653020e+02
1.245899694353049796e+02
5.083793781533017295e+02
3.579139139438155581e+01
3.921294192471418114e+02
3.262383744164047812e+02
4.938793346530376311e+02
3.879553873484314863e+02
7.226326987144068426e+02
5.852593156702000954e+01
1.590396749550729965e+02
2.425984864610141472e+02
4.067919074749363517e+02
1.648612557522260431e+02
1.592809064358832813e+02
5.177369461754417443e+02
2.673793605048895756e+02
2.556981264059610623e+02
1.461734424400176522e+02
1.407071629024206914e+02
2.011779258691528298e+02
2.998715119985799760e+01
2.785630341630259750e+02
2.989382152017728345e+02
1.819696035445441566e+02
3.134756637124185090e+02
5.505111787872393734e+02
2.425382505356388947e+02
1.452780689438382637e+02
3.955093989205619209e+02
2.659339973596580649e+02
3.461279445234093544e+01
2.541954127100486005e+02
4.632916264613855333e+02
2.241568778970992639e+02
3.518394658751160478e+02
1.000761784666774332e+02
8.835439034651885493e+01
1.174701599004264381e+02
3.088852736210487251e+02
3.886234447589500292e+02
5.689450537588754742e+02
1.091844310817690342e+02
4.283864996672655252e+02
3.363898186159939314e+02
2.096544839792573214e+02
5.391392612203276258e+02
1.817450504689407751e+02
5.147440398118965277e+01
1.946514305215893614e+02
8.862861391359312790e+01
2.226155405120553894e+02
7.701049491305354877e+02
4.583807473036391116e+02
2.550230804401699061e+02
2.499064976283214889e+02
3.866637347064592518e+02
1.190598815594894262e+02
1.865371062186582662e+02
5.060995969729821127e+02
1.394368171973313508e+02
1.187545315604802880e+02
4.379348283174435323e+02
2.853939116674910110e+02
7.251130224381660128e+01
6.958728895618447723e+02
8.683389684177791423e+01
1.435903731418416669e+02
4.205386564117300736e+02
6.716580033894052804e+02
6.793130901721298187e+01
4.403198080284074649e+02
2.778666714535119127e+02
4.736191461805237850e+02
5.988309686907117424e+01
5.546592472638386653e+02
2.972860347199118110e+02
5.976750943717526070e+02
4.981477510527760728e+02
5.189491163160399765e+02
1.512297361467273902e+02
5.304269041569175442e+02
8.370456506246962647e+01
1.483172353644824568e+02
2.778123690811117399e+02
2.406427201339090800e+02
5.294046319331458790e+02
1.948765036842400491e+02
3.242172348075645800e+02
3.658215164793653003e+02
1.965441926592779680e+02
3.119412962018246844e+02
5.386199039254443051e+02
2.659612334580482411e+02
3.170342089628064741e+02
1.685877477367115773e+02
1.394843123895756207e+02
2.570784302876640481e+02
1.442015300862943263e+02
5.693191424822875888e+02
5.965019703682082763e+01
5.318803725829257019e+02
1.779774668662947477e+02
4.505252657272662304e+02
4.058731061480046947e+02
1.448070295198035069e+02
2.366329491748580836e+02
1.038383474446438441e+02
4.554279132877333609e+02
4.925973465380901075e+02
2.330384867219869705e+02
4.366314060588385928e+02
5.392592321621210658e+02
5.911948609317786349e+02
3.051341268307637620e+02
1.206170743915576367e+02
2.605096294407113078e+02
7.135125469974075259e+02
2.116304637334117729e+02
3.933590097253470503e+02
4.786946084313849070e+01
2.332468499377161493e+02
1.036958967883864631e+02
9.255856612549644069e+01
2.177257036944062349e+02
9.321161346048829444e+01
4.197237413586023536e+02
3.002875270811110795e+02
3.601932519416088780e+02
1.552759831665409820e+02
4.132601847766428591e+02
5.953836891893405436e+01
2.859277418927099461e+02
7.226489291184545039e+01
9.490038452763629095e+01
4.855519657468979062e+02
5.265835518017709092e+02
6.380829177665271601e+01
5.235521006381114830e+02
1.904439317434637928e+02
3.225716609925605667e+02
2.083229198090547811e+02
2.359030571367559617e+02
5.507924353967422348e+02
3.074951239582907760e+02
1.529494933310769795e+02
3.439747553042100208e+02
3.198716029427064882e+02
2.517662162960819785e+02
1.350388148007763505e+02
2.327207001025206523e+02
2.715337153178900280e+02
2.993399636506340471e+02
3.427018503862963144e+02
8.784577341281715235e+01
2.942371960313126920e+02
1.823763342454861345e+02
5.298493130947193777e+02
1.928479954218778119e+02
2.327845409142733786e+02
2.210043554245168309e+02
2.121155524156623642e+02
3.938441305484849408e+02
2.582457297292961584e+02
2.033425627960310464e+02
1.881607926631270971e+02
2.281305499740472840e+02
4.172049657401321383e+02
3.637435651205244085e+02
2.330473506799366419e+02
2.654735462517574547e+02
1.785970121222262605e+02
3.961513823968371071e+02
3.952630549169075493e+02
4.844550394439270917e+02
5.336118445720522914e+02
1.570711381836448766e+02
2.669166488158501807e+02
5.602407467746357952e+02
2.621857658396036186e+02
7.153926176469452685e+02
2.019754238635462968e+02
3.746691120304304832e+02
4.335981149927528122e+02
3.067091594423258130e+02
2.954541874881997501e+02
1.160040783272402933e+02
2.270696707387710660e+02
2.691419900456090204e+02
5.166137205626989726e+02
3.070548743904549269e+02
6.941438089240085674e+01
2.527419312887054730e+02
2.122887043113286722e+02
3.321778708603207519e+02
2.917322577849815275e+02
5.293861355659635137e+02
3.171375066028439846e+02
2.991621244384459715e+02
3.230366948630277193e+02
1.970214237476809274e+02
3.080042723450093831e+02
5.992541972891544901e+02
2.660305347977827637e+02
6.654381080407788431e+02
6.664680745161610957e+02
1.391963735459414124e+02
1.048997088453062503e+02
3.326298306437132624e+02
4.169562873296659404e+02
5.219249340861996416e+02
3.190884159529082353e+02
5.420072603837046472e+02
4.199827501199170001e+02
5.008997861601420709e+02
1.935476473096949519e+02
1.183874831538251158e+02
2.666163875243098573e+02
3.973423122250167694e+02
3.216837974218188378e+02
1.793183607236313719e+02
4.327429825974933664e+01
3.855858922279742842e+02
3.122048835745214888e+02
3.427627636651141643e+02
2.034012089242763182e+02
4.615677128527571540e+02
3.531544847527446223e+02
5.015515662652265974e+02
4.867071272551611401e+02
1.756456493557319050e+02
1.704557329094649276e+02
1.710840056530985862e+02
6.010695371775243530e+02
1.424578818560176501e+02
2.534015631551494039e+02
7.168719315526232094e+01
6.132562187402152176e+02
3.294570534735856882e+02
1.939375109975223381e+02
2.044782890516527516e+02
2.451919763579148537e+02
1.516597314444906885e+02
2.835137189131455102e+02
3.997583670039584831e+02
3.337713380398140544e+02
1.518963350672769934e+02
1.886205304056909426e+02
5.630492777136958011e+02
1.030757557569549476e+02
1.254823375028503420e+02
3.389682224860858355e+02
3.611705376895599784e+02
3.236230234600433278e+02
6.284932784538735717e+01
7.350890087143602614e+02
1.527339940633687831e+02
4.784706495712434275e+02
3.090895698405573739e+02
